,0,1,2
0,68188978327011.79,117486020315.86401,5696179722552.825
1,69149156686588.89,115618372595.56372,5922880543522.999
2,43770379952565.44,140200401159.35938,8712470243164.032
3,67671214478877.69,117421940549.40796,5849922640965.599
4,31490481341469.586,231592060725.4873,4733171994731.436
5,43754736394203.625,140536029900.47656,8698559612312.757
6,69031424863896.914,118959956839.4458,5405347198946.596
7,31376695961494.305,234323442300.92505,4705728016448.209
8,63872290756551.27,123993945831.344,5415662569638.666
9,64130997130043.89,122055799099.6814,5522846205628.814
10,31481278320046.305,232523848775.20825,4710112656337.053
11,31952759655962.945,230428841241.01758,4731544784288.916
12,69069245424051.97,118553773352.77515,5405347522117.729
13,70356586818356.24,119765229117.84497,5077944427329.977
14,25020323801788.355,259706416746.5349,5086566227200.327
15,53586369204069.38,144371949125.98047,5298283955774.63
16,62572713487735.195,126662248898.84204,5434166566253.941
17,31566187419703.062,231716167947.77612,4731188376325.23
18,72559058399818.81,144947730391.97583,3533763992088.458
19,72435672274151.75,146237781244.6311,3533762768466.2095
20,25031925887421.742,258626458184.89673,5122869771684.484
21,26829577124092.22,250883570956.25537,5140959256548.213
22,61952259452898.84,125303671027.15332,5535173602591.516
23,65639787748597.98,124881593603.16138,5125206077451.126
24,66206311801172.62,123894778181.22583,5088460051536.4375
25,43422095776747.04,194613478805.1482,4029674792777.3984
26,73423538561615.53,109947494908.58081,5867565581045.734
27,24857747981775.82,261689235529.27124,5098367855919.516
28,62569930152398.0,126489643719.031,5441994316123.571
29,54672670830509.77,154328358744.75073,4166884293703.846
30,44006932390915.625,158491306058.29395,5979985069399.174
31,44595917421816.16,288700879384.56104,2445111977007.2593
32,35188657377749.13,201137741944.53198,5259675708989.894
33,49416661932971.26,134704494369.32227,8233963671285.278
34,67987912165818.84,129425439072.91284,4361622642474.1777
35,73057022730641.2,114411698111.41626,4971966883651.941
36,44593228136356.836,288850435878.1814,2437073242249.19
37,69493133729898.72,118577830122.44385,5292301544474.236
38,35394709681894.625,198184642563.53687,5539777765767.426
39,27778260339692.414,207738022582.57178,7196078827875.108
40,34038400193109.645,311810350218.1304,2720054286853.7935
41,25267427121677.4,286422119446.11816,3941146879358.1772
42,43721090603084.87,290147488778.19604,2433910279776.5747
43,67576108351595.414,122010533447.69238,5050592875411.701
44,69496298652292.95,118300117770.4021,5301511716240.995
45,24194937746799.24,236494475320.2373,6587034180236.31
46,44779169095307.96,195695412440.125,3786797178953.841
47,69888768489148.05,143942171764.74194,3677379662008.1074
48,30858271941256.105,226450437849.6521,5273764356323.812
49,36392569515756.97,319905579644.2495,2504785005851.9585
50,57775367783586.88,143209336104.1101,4334302180599.044
51,35877308159451.15,202847909385.56348,5175809791862.196
52,26021428321856.14,254681516541.3435,5187083633838.911
53,32465194420338.082,226293239663.5171,4820428721409.307
54,73595815807632.98,109755881882.30737,5857512237763.174
55,67210427922934.12,122086427108.68481,5070067514548.497
56,61786066958615.09,125921687248.22583,5531813690839.59
57,25582289229932.33,256901947522.92773,5113083399078.078
58,25738830391605.992,285323609628.63916,3898411083007.859
59,65612992164231.43,121589449072.06616,5433687017803.813
60,49026102469141.7,231865812062.70483,2483425700524.2935
61,68265300078280.34,113129933709.60571,6344976197755.826
62,65418137604889.61,119406226598.2649,5520648752172.143
63,27362035595437.688,232555445278.9485,5881211682448.063
64,69617955286153.83,126272020578.29321,4686327549661.424
65,32940074124543.75,224108664749.6306,4885553530434.646
66,73317790697228.17,113795156025.04907,4947804702610.31
67,62756985796635.11,127249092644.55322,5410114741681.909
68,72404425811866.08,149280089227.6018,3418030239337.1562
69,50252745261782.164,131036848643.83862,8473372445154.39
70,33359857074116.324,225904049469.70068,4290133813365.6147
71,35738651913419.01,217041484808.01587,4302183157082.325
72,44259139607098.07,192592486799.64673,3917104839577.07
73,24772044055672.113,301350955528.9939,3841514230050.5044
74,50881119622682.44,131332394504.96948,8037542785989.777
75,25094435950800.844,257677282435.93335,5165830674444.692
76,63268839671188.02,122261645368.01782,5602075937020.719
77,42104978913342.17,290866852143.1592,2483648555661.771
78,58141735770806.05,141817599166.82056,4353204295396.9097
79,25823463187002.914,255228478957.54907,5190082651953.8
80,26689515797041.305,252783729126.48682,5104842546603.272
81,61895736863940.43,135135668729.26196,4855344302122.871
82,37472051617834.336,218347266588.82104,3987851219751.6235
83,31495481398258.9,231361715755.90894,4738942146619.733
84,59079472749432.95,130752484480.40967,5504569359843.45
85,70430607213345.73,123292391267.05933,4889839331660.057
86,44791940361614.09,190609714311.7378,3940159827711.1533
87,65898771621555.54,122027415197.3855,5203729100482.546
88,67596288842488.18,113129677017.83887,6462956785361.772
89,53545545167584.336,147647745539.97925,4745664280264.055
90,25551498167370.25,257803532400.8811,5077774686652.692
91,46834238987856.91,167702979030.5735,4522966715998.46
92,45286339740491.46,237218263061.03003,2707655703460.1714
93,61645057477675.9,157512652671.281,3444050177787.219
94,35437145991275.76,202038743193.1621,5234135867324.932
95,24777246535560.17,300938990089.0017,3856348513202.7925
96,26994139685524.484,217286694104.01904,6571259708441.444
97,44518773334111.61,152955734759.8484,6117004776454.004
98,67300787939447.89,152749509305.83252,3330329841257.9497
99,62424565446437.586,126107455828.9519,5527921757397.319
100,57639001126782.67,162384381155.15186,3683939308926.1313
101,37471082486750.78,218438721313.6521,3986136960804.5015
102,36954333428783.1,206159732601.4431,4428378195826.064
103,25532389793809.117,285182309749.4812,3900399134152.8193
104,25498888422315.168,285913097391.0239,3887255901384.1484
105,43720024129813.234,292009511958.1792,2431513739065.731
106,43728316539598.016,289525543002.33716,2450936728305.512
107,22601593090486.867,274898000864.46655,5360953821180.039
108,31478322979891.67,232397829550.17407,4805033189808.288
109,27262537292086.656,258723809185.08325,4691016375068.238
110,58888287707322.62,158275327930.33374,3642915257086.667
111,49745179663389.49,221131614516.09448,2717831156486.7715
112,53645507012062.125,148169645211.9851,4715987351623.794
113,70377316746315.5,114358742369.25293,5403917261142.17
114,28438350941522.0,205948423977.35596,6992200164779.746
115,57641807879861.336,162138097075.48657,3692107179964.1235
116,65091003247838.195,128612427407.08862,4814131842263.401
117,31478085747008.19,232408319154.0962,4804393538596.624
118,27684509843208.695,211199399668.93677,6759597746956.673
119,28192979989016.504,204503243238.58838,7099725781699.515
120,24222549228047.203,282240044105.4485,4348266086339.7305
121,27598921034360.98,192682117986.07495,8279210377004.782
122,26649820887212.5,252461539208.08423,5154419915643.592
123,31448886674515.12,185718359886.25024,6881526907567.555
124,43901745079270.33,139168562412.13867,8821847731597.908
125,66311640795875.86,122511949801.11255,5076418850137.137
126,26110717261832.395,267839200824.8806,4579366132482.943
127,43724718449165.1,289804058831.6438,2441969592398.766
128,73164444989800.17,115754887392.09302,4892423402682.084
129,23092391809481.01,246978068141.91455,6027513616980.668
130,28190634197753.797,249946189681.89795,4726505529713.49
131,27588773580849.184,286731176155.2046,3665749160367.9077
132,33365487341435.414,234747261369.98804,4164711405841.2847
133,30828080328895.836,230292423629.8474,5109359320925.869
134,57848507867579.42,163034103374.14185,3659387683261.4575
135,72894731476629.94,114944070299.77661,4936436337295.178
136,67260497637821.08,117680961935.57788,5518895048676.01
137,72232910267344.67,116491954242.29321,4992634664066.333
138,30690572887481.812,234214323226.48804,4793000602128.504
139,45052618151568.65,165468345545.36548,4901068194816.149
140,70230016053596.8,120131765742.62476,5106018517416.253
141,62484365149835.27,135285002830.52368,4806975511379.092
142,73366056064139.48,147025220690.43823,3472443944050.27
143,26647363952556.95,252677127780.8877,5147270043583.99
144,72563671892608.56,116191176296.86646,4925010762780.327
145,25895013023621.027,255423194655.97827,5145164980636.26
146,64940479480591.76,123310527049.8606,5365470469999.9795
147,22768190470677.676,246115566153.68262,6074135742713.547
148,62612160775020.336,124611159850.96997,5503005635520.456
149,52541509426378.86,268343096021.53687,2396022804335.611
150,26041070668400.344,255749241221.94824,5092676506735.574
151,43768687784074.44,156263079019.6853,6039784865931.332
152,30690473368066.38,234399187824.69263,4792772313646.933
153,57579644121324.336,142698092504.66016,4409013212351.502
154,31794280135910.125,248481860591.4812,3894096764706.002
155,25756313293524.242,255950073695.17822,5128988564114.484
156,68367605846943.79,117189336733.25659,5427251092827.593
157,51124989246536.766,131306221482.15259,7992651744728.309
158,65390488186780.805,121387981348.64087,5441078301624.462
159,37044324562785.88,221385714413.83423,4054460853071.1426
160,39453848188555.11,173710125491.66797,5787161787819.397
161,47068025413462.23,168225512679.09302,4472242601541.639
162,27439154515962.258,208933437571.28906,6899958920393.577
163,48480688696557.21,229031759725.96997,2647517014720.731
164,55769650341514.32,160454058396.32886,3967193331809.3745
165,22328931784844.15,250683831067.22876,6074131620578.117
166,33394874189744.555,235011256934.98315,4102977671782.269
167,37469913618923.35,218550803946.58228,3982528091329.838
168,32820108337966.54,223023504353.4568,4920841895212.302
169,52870128625227.2,146048154162.50952,5268917274823.261
170,38419820191660.15,172326884215.90405,6283444094758.236
171,66920085625274.805,133059400082.42676,3904101431811.6333
172,44602279948258.65,158019824370.97778,5504768698120.384
173,31928602854592.87,229579755084.25024,4735038740434.243
174,25655713328282.723,226986220207.80566,6681330215406.39
175,47014861963674.01,160541335768.97266,4925603967108.652
176,30047771590243.207,189087567370.0371,7443900236564.69
177,30194676337767.773,189223956502.76343,7346839722220.149
178,23068341060185.74,245293398037.69165,6027918343355.894
179,47981407640479.516,168289660017.47827,4388878229831.228
180,58186692069286.45,162207461327.62085,3602341018462.895
181,44672555031714.49,192246821232.88892,3888323988481.426
182,48195574150213.19,181881696394.9944,3867847293618.8027
183,61811493566896.414,129241346085.61255,5386269342693.486
184,56075224377352.4,144188265248.08618,4457118580249.851
185,48907815586812.58,233092186298.8484,2483424589256.082
186,57739840793923.84,141496512660.1648,4416450277182.664
187,39495789377960.04,173668836983.54346,5764976227993.912
188,73164615286967.34,115444088199.83276,4895351770038.315
189,46749562368750.05,184384456743.82544,3957699714955.031
190,64835801169249.164,168877772120.1953,2950069635562.055
191,35393975318284.766,208508832461.4248,4921235431328.5
192,37558610303902.055,160561630720.92505,8231131584402.561
193,33542456374359.234,166231597856.90088,7788122748487.141
194,67647550929915.8,158101238446.14478,2950636295893.962
195,73973933869152.81,121831610049.42969,4417717251391.761
196,43727296305191.97,289579892006.82544,2447545706600.806
197,43250500091014.84,196842290104.35522,3913089773242.068
198,56682081145519.81,140846754453.2859,4527185140255.673
199,57651770459520.13,137433217008.25073,4496996078117.853
200,39240455201902.75,156133733923.2556,7399453531769.539
201,31868621830401.75,230467983336.95898,4714589311761.129
202,70142290376807.77,125518454385.72363,4758232951871.394
203,39664824350798.06,174003043641.70142,5501154754339.909
204,40610652979929.7,174973246532.1421,5394116365961.349
205,57120366245481.18,140010372510.84302,4520851871189.36
206,69233987589451.16,115916576307.44897,5918966565275.184
207,24826112939298.96,260470163554.44116,5129651692426.869
208,19686642935397.707,316333218332.85254,5006047734825.679
209,30583392361162.367,232089580640.40088,5008764261967.409
210,53007086119297.125,157569978076.511,4299503478663.9897
211,67886617480243.15,169056150528.3811,2845941514542.929
212,41702410448082.16,201861440763.90674,3992135619138.685
213,36017977981758.414,241953777100.0078,3547208677483.596
214,61020935917901.38,159384670314.70093,3430703459001.789
215,25972175551253.742,287427766412.80054,3810005897448.799
216,27805915758875.01,208358069402.57324,6917818286391.426
217,37532169818209.37,217918866350.14014,3994919865321.825
218,70229479458504.65,119156356711.08374,5180389309896.882
219,32794941384267.59,321020323425.5613,2686785641092.271
220,25823352338283.79,255402954835.17065,5189639842040.2
221,67589645827809.93,113692195162.20483,6446857695569.549
222,65101295462983.39,127652642660.44727,4835260432733.839
223,27362502965234.67,232529453918.37378,5882608730804.864
224,35956497307167.86,197743381522.71216,5269362424400.406
225,28572161919762.2,303085522656.84937,3069365289479.0283
226,25710362852838.133,287165392026.5969,3816248447640.906
227,32376735479026.547,212455359365.45435,5397530192995.264
228,70820153642158.47,118016762385.01147,5095203698618.346
229,27064281126006.137,261569737950.5022,4683264850088.046
230,25611494082705.016,223438746066.4895,6832315234866.449
231,35978449744251.37,250373036355.17554,3267147017373.199
232,24661000147611.453,237203681863.59082,6568989360243.112
233,57277927946795.07,149942357791.27173,4130887800621.622
234,35402374984968.26,207713678252.4619,4939895412548.011
235,69233999170676.086,115903892463.10938,5918988721455.559
236,68265224368312.21,113243127221.19946,6344867876253.14
237,48188836940638.13,182452190788.2661,3851519926128.118
238,30041628413448.21,236623463125.7444,4836439077014.891
239,55260170996799.43,147996301963.48267,4412486505614.437
240,32784081029892.246,323133323775.0344,2664268763116.019
241,21482892187509.71,279486124588.5012,5480556263598.605
242,61310544720813.0,123982871628.93433,5753417086116.626
243,43061838495270.234,193655790284.0735,4135422761238.379
244,64339714559465.25,126038039013.51392,5205292590648.67
245,25934677707787.992,253360461476.15918,5205087289427.102
246,46962981514574.64,189316588338.5183,3769445961099.068
247,31365294945974.703,228761693485.02466,5040638658846.566
248,26099175730459.62,273496422433.4109,4117251458627.9473
249,59351398308760.58,130715322595.73975,5453954479522.759
250,35431116605884.69,202607613655.4878,5215489298917.647
251,30836182735083.332,229494984006.36694,5127655707914.45
252,44996402966180.85,194819473746.3733,3824600577508.529
253,46700669737165.94,182674175983.09546,4148608854427.716
254,32773422614008.96,323931534736.24243,2654488977048.374
255,44716735383663.75,197243403189.17236,3730591916643.905
256,43980781506989.43,199739974875.4856,3780999064443.916
257,27498350413875.062,219261699511.81226,6164870908614.993
258,42910272423248.8,154724069143.0725,6347040897948.844
259,38471413373086.49,229832903980.41797,3553052221283.214
260,42210062471021.47,140274415218.20142,9362771981411.902
261,36154726261368.58,249329972465.35327,3300477614063.991
262,44866292994996.24,185005486556.65186,4062383868313.0425
263,22119876731616.625,278081209879.42334,5443433107551.821
264,55310264079872.016,144033650657.04224,4602125117086.617
265,26790446105518.184,216018115801.00122,6630883614557.301
266,70493844194458.81,122324073864.83472,4891279986834.912
267,50003806128485.61,175845641371.0537,3746328767251.3794
268,46370697100002.63,191672542509.7058,3790591714102.4663
269,27097610299837.473,261228211834.55908,4683265204578.319
270,48198184745104.125,181641308736.29932,3873562613781.6797
271,64382710971537.1,125586325309.94995,5205292972953.923
272,25024398045665.56,259663818911.81665,5086566267604.671
273,33657399177711.887,318343267512.37305,2671457089605.645
274,34279714475601.758,316876254910.0105,2668784633517.0864
275,35955404549651.16,197839267684.32202,5266182414537.725
276,43767973406416.195,140411696861.5774,8707895472744.075
277,61870547223672.39,136660418813.72461,4741295555288.227
278,32848243928439.633,203277768696.31958,5572579112890.723
279,52013312856613.58,145490507284.63892,5412051417040.047
280,48630294840196.75,191660699419.91626,3578148071042.3335
281,27338701497938.215,258579762505.2151,4687712255574.347
282,44145348793336.34,154919269281.0974,6038517186545.341
283,52761276589815.86,272201304714.5547,2361407839352.7144
284,58250463206076.29,150558447475.2954,3993173888647.9316
285,37731069615991.42,181025988071.01294,5707573452950.618
286,48967379112822.18,204767729051.38965,3056275820750.357
287,69443548330668.53,116540595202.96216,5455404876866.381
288,48592913153295.695,192109374009.54395,3580447979496.1714
289,50048005861153.06,153596436805.88867,4778248810603.015
290,29622889746852.133,233330819562.1831,5174855285018.341
291,48321048671374.266,184486343515.6067,3759822935662.907
292,57772196872764.984,143495383903.36743,4325967444405.7314
293,25023670553602.973,259400310283.1941,5093919849510.817
294,55250550608427.24,143859796173.9812,4624843015594.772
295,46684345028994.83,185014582403.16455,3928242311485.825
296,43721713393180.086,140001503767.8623,8776992790041.031
297,26001541065168.562,220124442622.30054,6804440860348.697
298,30874751460255.297,232345845372.70044,4964731680207.702
299,59786392473583.43,148872356008.4131,3882628721283.0615
300,27596109313771.71,192658805049.66553,8280881886487.469
301,50531331991053.57,170043827648.78125,4009312160672.872
302,66374635965793.92,152743169675.49634,3432345695041.1255
303,35872452890607.09,199137716763.3772,5249601330869.529
304,31404600684819.504,235779731064.10327,4580601698144.219
305,24448635268323.203,241311278154.03687,5820642175558.038
306,55784043827287.14,169285126259.96387,3537384162143.21
307,23381204053203.125,246296515055.08252,6007338293028.614
308,27605531366232.74,287311086811.29126,3627713225727.741
309,24258051060067.16,249012746275.36694,5634317832424.0
310,40845286349816.11,168691777446.13843,5712992639582.952
311,44536830251372.03,151287156719.927,6152923038455.95
312,46961230087275.8,189458068857.13892,3765986744620.0527
313,24670400917315.72,236159055061.17065,6615579303759.65
314,57850198624762.33,161435951635.28296,3671007243178.174
315,34279919743489.168,316531912677.3833,2669557224152.9087
316,63167554516778.56,125527051737.98218,5374032612349.135
317,29555546145721.203,242405491629.3994,4723565623333.011
318,25922055863766.246,227497145136.34033,6509553865275.57
319,25762991889775.32,317917463195.676,3175718107492.537
320,36480028056983.78,198504197800.84668,5223968613701.331
321,28017382663814.145,246396536820.2793,4936657338750.759
322,41477861666035.445,297036733363.6033,2479714647213.938
323,34123702494544.53,317356532185.2959,2694629872314.3496
324,27243335274797.527,249952260154.63135,5098278715023.992
325,53641857484042.625,144544061238.80884,5284049242121.299
326,24096389280477.207,310971238052.2837,3892225359647.003
327,25934926918455.984,253346005040.12817,5205781627895.525
328,40800212524534.75,169031754282.93896,5712991398279.895
329,49025719535401.555,232042694414.05566,2482144419798.5176
330,40100923206082.414,208216753988.4485,4097937698897.857
331,36863067373998.8,204271919136.49854,4662481045612.208
332,62737979019943.39,122427924430.68823,5604729864263.444
333,48130562375661.195,226509363231.96655,2692583109118.2075
334,26997744416192.188,251027936635.84937,5131271102882.965
335,70717708152319.16,116294335828.46362,5288624444465.695
336,60303692152221.81,127930456978.073,5692827487118.786
337,28133061280649.934,300836870523.71216,3251444383223.3223
338,43695966616606.1,158147457799.14868,5986093155989.686
339,42037940093246.35,160835645290.6931,6214301379393.203
340,40414882256065.18,169548315164.61133,5723726917676.206
341,36396235824903.64,319498174195.4343,2522955128238.871
342,26108844982725.688,267997741942.10693,4574828736298.394
343,47300476341367.03,161481934510.9414,4913249378013.917
344,26365555007304.367,268202470019.32642,4556384039460.293
345,37732856148991.07,180874707774.86987,5711903046752.694
346,43075938930824.88,192277838506.90112,4168788203842.201
347,33361617457957.062,225736318432.30933,4294417819521.6543
348,65026453582035.99,128480145848.83081,4816113812567.176
349,37044186993256.16,221488595289.46338,4053855030633.6826
350,41534387508402.91,202124597816.28833,3969204401230.4844
351,35958786815250.73,199027905122.09937,5212868008473.778
352,22065206715274.086,274697641048.89233,5604835382794.326
353,67769757397520.555,113541502737.58618,6396716513038.184
354,25901198948948.004,257439780749.69653,5025171124619.5625
355,27399468488801.45,216945963485.37842,6499085186193.692
356,66608070829018.61,121260498899.84741,5152390172915.791
357,44137693376184.59,199011049407.20947,3812935185919.8335
358,64785645731841.13,124657709456.46704,5211693003957.678
359,67221583711527.47,117546150048.88477,5581032261899.244
360,45078397096943.15,244698900596.9629,2509598127722.774
361,55373257043835.48,147574796832.5398,4406354956344.582
362,40560271595762.01,311860340115.6228,2437195476045.0796
363,54384329663410.46,141250574653.59448,5284318911934.427
364,36944174369516.39,220798399590.44092,4059785237583.017
365,49186841944133.47,200808797660.12964,3176647218294.4287
366,64741617239907.35,123749523084.1643,5283283655488.7705
367,26958472271777.688,251282733806.18774,5097898774056.686
368,32991428134168.11,209445050613.81665,5400252614343.767
369,32681243091497.523,210384266840.56274,5439744393035.844
370,58363042634637.0,158536277565.38452,3688001709731.215
371,47263447931788.6,141224742367.99756,6237974924139.733
372,46350290113114.54,192348122578.6438,3752653128816.718
373,26184597779378.03,217836105531.76758,6862352350867.366
374,25635068800463.973,266092756089.53394,4682712004070.385
375,62922604963484.05,120858531192.36792,5657780673599.564
376,47819306648323.625,183798528386.16968,3846993482976.8936
377,61692602226078.4,141836443582.58325,3966123203490.6377
378,24860727818622.773,261472390950.63477,5106056849653.224
379,57652067772314.91,136914119783.50269,4497664188829.561
380,26032757565862.555,254794380744.11084,5184153890159.395
381,41500908205475.0,158617534398.58838,6621419896635.668
382,43840604838674.875,192160879142.8672,3992467982650.546
383,57168390788701.555,163683444739.1648,3594774938720.296
384,45844139989893.66,150103398165.01733,5986869854429.063
385,33345975767045.7,217062787592.00903,4904540256460.166
386,38869953387717.03,174814189340.47974,5825992884592.576
387,32673824494929.82,194110768965.59155,6246037295836.507
388,33735436092582.85,173975134679.59497,7256976554766.362
389,21626017701901.223,285068283648.44214,4847477740975.248
390,38077131917160.5,231068130606.11353,3487866388142.386
391,71339028062258.22,113114059392.90796,5274560888146.013
392,48750315146347.37,165870007015.62646,4322340374708.8438
393,30917081629078.656,230305461657.48804,5100466581328.569
394,42911313086391.42,154635947721.0598,6349562904927.305
395,72893779944937.77,115031688825.51929,4934353169092.876
396,30692232139851.8,234087069844.2893,4798605237080.689
397,42037846522664.47,160843047360.32202,6213995805033.591
398,52566703364767.125,156685869179.58813,4411838052381.622
399,40208358110682.42,148922868681.844,7816813798492.774
400,32567846058390.496,189218713055.58472,6539438325369.898
401,30426386331000.33,206659039544.094,6040055044941.046
402,44946317377789.9,156916995635.99902,5511146149349.675
403,58425743108592.266,158566866215.85425,3676380191553.897
404,40232510803489.47,208980261758.25928,4051247687170.494
405,40234977092277.71,149454621941.99365,7728678106020.752
406,35006519193778.62,214018267956.90503,4482793049273.282
407,33420820145144.29,177382961878.3694,7093184112550.925
408,34437612892602.96,194206967300.99854,5861327920905.89
409,66767840017286.766,122985756256.19556,5063071576367.882
410,35227782516606.08,221611686243.57983,4160737571802.078
411,65068621215815.84,163271881633.56787,2969551692294.867
412,24472271889172.293,240360738459.44165,5803470855357.157
413,62991572420706.82,120373676331.37183,5658692873250.384
414,34433228572990.867,207489539291.03613,5197839573228.483
415,42195204725016.25,165041188819.47095,5669883948667.37
416,44446078874061.92,162504395363.8545,5323699025825.689
417,64693859279906.305,160907255232.64478,3042298911791.507
418,37736868404917.06,180459306887.68628,5721294955263.095
419,25727099263419.727,272370494704.93042,4381595807871.4844
420,63376643710294.38,121172784380.08667,5602077243746.501
421,73421801239364.83,110102124137.94653,5864612953327.55
422,25676467042756.07,287047489915.83765,3853068610544.533
423,43904533131863.96,138882909681.95166,8827602186999.79
424,37655961531334.836,181031685305.65723,5724994405591.655
425,57065244689202.34,140594816053.63037,4520851376012.541
426,45950226545444.91,183157739617.66235,4172407831214.967
427,27496317572065.117,206776195926.15796,7259724890599.096
428,27652936925653.516,210603448932.2185,6785669258872.694
429,47880555385813.27,233467506258.43433,2596314654011.5356
430,43509761107646.64,202876833169.19482,3764426940187.372
431,50005151348274.13,175133069943.93262,3818523392265.63
432,40382589980775.23,144174053602.01587,7937705420189.566
433,41567411311429.516,168591556092.68433,5442651722494.604
434,40624634411257.734,310570956381.55835,2449033775073.6235
435,38204200896491.266,174140272435.0891,6310859683269.722
436,59965110050814.84,148473126342.42114,3869123128069.4126
437,46559855370275.1,148751377917.7102,5894530916953.544
438,21405441724635.043,283589950313.89795,5376329554140.927
439,63080539224915.9,119078119767.94873,6324428384627.945
440,65340906612728.54,126598746665.59814,4832245867553.571
441,59158008789462.484,128861314284.62622,5847443671397.3955
442,35478318973107.875,215306153116.20142,4421296000466.293
443,27254415096881.75,311353595841.8672,3125128317703.746
444,23830031406635.133,245850165032.9812,5950732853484.944
445,30850649310854.453,228117766930.5393,5163674173713.264
446,48600722694763.42,191365906167.95483,3599891952051.263
447,54772294958690.65,146537707666.49243,4611096925236.361
448,23410486803907.59,289981523700.74194,4139458654263.836
449,65636033154191.4,125258958510.5437,5114637914877.916
450,38204291376945.195,173975141960.71924,6312415551826.353
451,61321179096774.63,123512656917.71802,5782090562446.715
452,36398083255998.01,319421765641.8347,2520830421306.616
453,24570567013883.17,264501899977.53882,5106053615838.976
454,24251948897169.18,281612642413.30225,4418421456026.19
455,72421045333116.22,116143240488.5647,4955247538396.753
456,54372335409628.38,165363561771.83618,3864554916960.7393
457,53260700327277.836,159248168024.57935,4161408261472.6187
458,23919570893884.5,282821868782.15454,4349164242166.89
459,24276999896757.758,225898319947.21948,7101637819385.335
460,26742458239667.418,203175654792.48706,8139930972781.056
461,26149760187963.332,257503708378.59546,5008151800290.582
462,44176067295975.195,199107072267.89185,3802970997978.4785
463,40329569055336.445,146168382805.52563,7857559495557.615
464,40536456670889.445,218869910769.8274,3638475459442.8003
465,35912278924690.625,218713506108.9585,4159654451879.504
466,43895558575850.0,175505274269.17993,4629076535932.94
467,31190437451330.812,228849872534.33716,4996406947141.196
468,51668099570639.27,146286308781.08765,5422566250426.367
469,27376660431402.19,207672141131.20532,7215492882900.417
470,31614681375971.285,233580364559.69824,4632498221501.55
471,34730719419157.477,210425151964.07886,4930823251396.886
472,57066183438700.55,140522820345.8982,4524022291024.719
473,48169151410308.32,179813266643.00366,3950943265980.631
474,65390936719154.266,121344148945.1145,5442139650481.712
475,57623875672532.26,138560865921.7827,4515566485316.318
476,43899804706663.21,139336201879.0298,8816656825027.012
477,57083663369815.15,139403565107.80835,4568275572967.1
478,57641787342551.875,162156661595.4182,3692039831348.7495
479,32125155475418.473,230983049736.448,4248236163543.5093
480,32690432836077.84,332725905491.6057,2602059810643.4746
481,45355520491374.45,239696519460.0786,2674648386706.0913
482,56409137489111.04,151261342101.28882,4154801494509.8794
483,34378495272157.1,215662592458.55444,4374682377814.2417
484,46693391568460.23,191529047869.7556,3767569077421.088
485,29900703482588.52,223487984270.885,5707522108469.513
486,36028755552877.49,251103364841.10962,3185047959243.1777
487,23256741022153.758,245476338111.9497,6010014799488.032
488,25079387966188.125,319635579824.6074,3239542180937.8735
489,48532723141358.086,156417986166.2036,4757328656575.196
490,40894735507119.81,169998439370.14014,5688291618631.252
491,72531985085050.36,114982213027.35815,4989048622432.704
492,43993326786493.734,195139671945.95728,3920112852080.5312
493,31085836367845.7,230951337715.66333,4997350869736.028
494,52832958531929.21,136728334722.85156,5837367311350.699
495,43869429821129.28,201584735146.0227,3776548665491.546
496,53257379374073.73,159534203109.87036,4155150607562.3667
497,57066200091361.72,140492428568.22485,4524308644052.18
498,67257666667072.234,117921865148.77393,5511142532270.117
499,48592750855172.125,192123343220.62158,3580065557004.3184
500,30053120200773.68,188627205488.90405,7456503148551.627
501,59349122926492.16,130907997739.98535,5448440178377.085
502,44274353386632.67,287000609217.594,2452749560733.6934
503,65691428808223.31,124293917632.5144,4903090575260.227
504,23249047705755.074,251551074734.7749,5679987526746.508
505,56443186988402.56,222151709604.21265,2422035445533.739
506,20842452673577.883,295360165438.5115,4692110617730.259
507,29389446494314.027,199043702078.45947,6864205186360.06
508,57733775000085.07,138141772092.75903,4461509503177.871
509,22618852154698.67,281080053449.85474,4810897335849.263
510,45032510203277.37,157872684017.30298,5489064805574.479
511,64934560867022.12,121150807117.06055,5505506563806.867
512,24308523630170.742,289661334701.55444,4053970791790.612
513,40355628539587.3,169127207036.32568,5872787029735.353
514,55522165975664.46,146383387396.15796,4480156383425.503
515,44424953919436.484,196756122793.63403,3839374559270.5728
516,53533573425068.805,145012043361.03394,5249160301899.724
517,57154293406288.21,164710634516.21362,3535531380989.1587
518,26156794652500.566,219528350538.28296,6769460580017.279
519,26105785024412.387,268256271855.01392,4569032160964.907
520,30355884422619.984,232019515133.36694,5094472467616.465
521,38929210888591.29,218648748341.6963,3863560831572.6274
522,71348239951265.0,112179865462.79053,5310361145508.657
523,56377197971541.45,140588756047.03687,4760574104128.814
524,33396527670648.105,225382747782.1277,4294418231937.3013
525,42025904784639.86,195917573230.00586,4070652027292.2437
526,37350327438546.82,188342074658.9851,5438140025595.463
527,73871493662010.42,110545198750.427,5822529000102.8545
528,55756941048538.11,142235724146.46533,5171377283168.5625
529,57340832751084.94,138511304249.3203,4550048524386.319
530,35361642900636.49,246571970437.24097,3512584408497.574
531,44235545323964.39,169454894576.18433,4858607864352.756
532,72243323861678.44,116730405026.24463,4949691674265.028
533,47312603110040.71,237268251492.08618,2518908121195.188
534,22064295276749.09,328489696068.24243,4334907230039.4316
535,32513991056708.78,263234350801.16235,3592598974100.522
536,57587341716174.164,162404322636.4292,3726264233600.243
537,30138871201380.29,204067253001.3152,6134920212863.69
538,42880196934254.055,204904004800.5398,3700263022489.4517
539,28210096331689.82,245820393840.4756,4907317482147.5625
540,26466045861917.234,236791360184.75342,5696695581543.661
541,37625547005238.836,181474524583.15527,5713465218114.435
542,70126402994602.11,124867313396.08057,4766565384818.53
543,25456187678287.75,243817431512.94434,5609683810748.32
544,49323921938218.4,235769403171.34814,2407043826223.7236
545,53700912307510.17,167772324610.42554,3777949518398.022
546,50502101217500.93,179673527519.24878,3665578440984.2734
547,46118528155589.836,150040759651.7317,5964317885321.574
548,27038911655528.984,312894196136.9324,3099354207570.6025
549,21617322608722.816,282759401601.9114,5337261969531.358
550,44065334859076.55,175825722002.1001,4608477744712.641
551,56654162618236.35,142412564527.28296,4586800319517.793
552,60581234913405.2,151326251221.58838,3721741998989.1562
553,47932403258417.46,231871911433.406,2628470090018.04
554,30367176417938.37,230950558716.00684,5119557798798.246
555,48683599963899.28,191115490403.77368,3578148608510.6265
556,73317526202791.89,114098658505.33618,4946488313902.594
557,43696506002743.91,158096396825.6726,5987291410108.666
558,25488702174603.984,287854200220.4602,3855942216956.4043
559,32689711213606.582,332799086500.62476,2599255361939.1147
560,22121039779542.426,277928374173.6306,5443869126232.764
561,62483827911512.66,135337449619.74438,4805755033342.374
562,27800909036211.633,193984262185.35278,8185750443059.85
563,53954765173201.08,171540117668.3811,3673359395071.16
564,37473258167511.516,218167734142.95996,4030442109735.888
565,41429465626225.56,204436164067.2444,3962197337378.9824
566,52638474813255.516,157012194837.7893,4390844039900.211
567,54851940896826.42,123545454719.89233,6887580900780.298
568,44239228425017.03,199130484800.1316,3772138938470.085
569,38137614856740.37,158902215172.68823,8144819636728.955
570,63289909268839.03,130486762575.56494,4864081277042.44
571,26955550568068.57,250524740778.5354,5139616900411.496
572,62158099630812.055,136546487353.24341,4797028313124.628
573,71676878629173.62,119880278035.25879,4890563533751.774
574,34881710285804.273,171677580321.84644,7223079507515.308
575,33716632167485.707,220903620367.71094,4409771461805.986
576,65486607794161.56,127753494612.47314,4797478838848.201
577,67776908183366.7,113468402425.33276,6396716590070.867
578,26006875275267.195,219718283666.37524,6816763151838.514
579,64082503383787.52,122558572356.1228,5522845750045.257
580,27498787654791.508,219213112683.8391,6167037861985.969
581,43721851442856.055,139855386906.52026,8777195701671.286
582,35200217069652.72,200142784192.46948,5286913769945.557
583,24904833761248.83,261011889914.1643,5106057341209.71
584,41479183144810.44,296917522790.8108,2483188152964.5835
585,41365664768658.45,142505012793.0327,9503386310555.367
586,33694738425908.07,222408872889.3369,4372629356376.384
587,31280352204656.668,231384644931.9104,4849835505829.507
588,33436763315415.367,180074892235.24585,6925224948267.824
589,47736892568382.195,182357951459.33228,3937605200476.8037
590,26061209636974.06,283798541636.4978,3894689251739.7114
591,32830157743214.574,240999556710.96045,3965697097064.615
592,47021317060751.555,189710885242.9729,3711444450966.4946
593,52822049035947.61,229616151658.94043,2459110548898.984
594,47451575794417.15,165475450584.72485,4594308674045.474
595,44495853677379.69,163355446135.9021,5314064761551.366
596,30496299175372.13,251155253341.21167,4055550629527.5693
597,25644992537952.867,229066386465.1504,6551461297678.4
598,27289579992490.703,195910877291.64917,7990786482462.079
599,52709950313125.875,191660766499.4851,3127206371462.6743
600,38525980147704.28,173294587865.854,6232423194406.249
601,49227442941702.4,172333275612.83667,4063553205152.981
602,70036865168404.82,116813991387.42456,5411406836031.205
603,32470931116927.516,204986618837.7495,5765348439890.975
604,67531880535035.42,112955912369.90308,6469920675088.841
605,27676132746121.75,211745675585.9768,6731692569220.957
606,32379084068598.195,212224210946.0359,5402833642697.226
607,48991920192683.46,207220280131.92603,2986671675737.605
608,67524318173219.47,113569289354.31934,6449474144496.836
609,38063224096489.88,282951984143.68604,2683558406425.942
610,34299700547398.53,174163860647.2666,7150010454781.461
611,35180007572411.75,201639507613.50073,5235576048094.545
612,55543106161044.7,144339144752.5642,4527727517622.835
613,26994598022842.953,216823761168.4646,6576159581042.907
614,24095074233207.02,311097212919.66235,3889590208344.834
615,22117709284377.754,278300659703.855,5438002293362.188
616,36481680335177.2,209948309040.15405,4519533194882.336
617,65636327446384.02,124961715534.34106,5117784056798.729
618,45083181149166.125,160511579375.98853,5351688407738.622
619,23722031957722.785,301132213271.2959,3950668435191.784
620,26101495087057.29,221835843067.98193,6802315452444.935
621,48096836053013.27,211161453191.2312,2994080490789.632
622,25586647470943.496,259669673225.10034,5004212789595.557
623,55362063572849.14,143978928783.89722,4622795223548.532
624,21668937983306.31,296412317402.8594,4452875989610.318
625,44145289079295.73,174997423513.1023,4688277503786.667
626,72414522297386.94,123142829484.70044,4521229559437.672
627,42981580314244.97,155870901408.2942,6253638159099.764
628,51905757588385.56,160435394448.51685,4365025349030.864
629,69474246431954.43,117887199352.63501,5353434081804.829
630,22564627941585.082,280688287098.8699,4837692319977.411
631,30097849933550.14,197400362277.0542,6588628266805.204
632,29432439280176.863,276086714135.66284,3657130411363.9277
633,41080398656543.31,305286193763.41626,2463924474088.5796
634,37145272759312.12,165368651356.40308,7339972928970.008
635,26195932672497.59,267628573908.27197,4586192945906.013
636,59958131121849.734,144165128592.26416,4014405145894.502
637,23081705699884.19,337087139846.1045,3013583752741.809
638,53396109140218.08,138637016486.18823,5778537820559.221
639,37559782316534.28,231392387228.61377,3627477969369.535
640,65505588043094.234,125831238945.81519,4837184000295.957
641,42197515390889.24,164826925490.6853,5675593730143.985
642,27805179119115.547,208414564666.67505,6915330059152.613
643,25608041504534.594,227479283575.8938,6681329667523.465
644,66140771494749.91,122300185149.01782,5148284537657.403
645,27064487557557.406,261551115764.55786,4683807455231.631
646,24702333839145.71,294523657365.4619,3872528803945.2427
647,25045664152959.863,288665534786.6653,3939770451339.4033
648,72268198180811.12,116671602209.71924,4973924597473.23
649,38787536588209.6,178845858598.52417,5528477384801.439
650,25439362284660.543,257188375823.5857,5086843427856.46
651,35595270870192.48,161137480801.56567,8568912969660.302
652,70619138857091.31,122758940332.92212,4761432928746.259
653,31776175932349.387,242748444279.81055,4069525934691.077
654,36931090523860.68,190836321205.1057,5374596665524.816
655,52748766847314.37,160418101447.7744,4189305482968.2495
656,52988001163575.37,148269777502.97607,4742520335762.313
657,35010179099708.14,205789766893.70923,5208442093403.823
658,40986737781792.64,295503677209.05225,2511465610701.736
659,30913608816575.273,204180892767.82642,5997090074828.11
660,32719059390137.25,188074805604.6045,6570962823488.344
661,60834016964295.83,127950201707.50903,5532452972668.297
662,34467558570567.344,213539125662.93433,4888659136471.277
663,36702401027315.375,240921202699.6543,3484431328171.678
664,35646441730350.305,217067674156.67065,4309314160847.293
665,52951310215840.95,149002285452.99927,4630207658367.832
666,47504049703543.69,185657593636.15015,3815200894491.2734
667,44907963445953.83,250567891209.1626,2504766288196.306
668,26952089071966.98,248228988095.79565,5158867320418.226
669,49150700527952.83,177848439685.35742,3920191638739.7266
670,24040094957289.47,249480828403.9309,5634307873994.385
671,30537650396726.387,230068313671.89893,5144827336820.609
672,30564231426754.508,229419403065.30933,5139885414331.6455
673,54068583044079.04,150279574915.00684,4446737744707.3545
674,30586626232074.79,206836097338.17114,5910653869311.963
675,73008551669764.33,114935415212.3811,4924206682413.39
676,26007432777823.88,219558817590.0896,6823272053197.735
677,29514888220736.71,279579569442.5718,3475937556329.9746
678,43073657758162.06,192541367680.00928,4157486077893.625
679,31613344337950.766,234802012154.47705,4624314622765.214
680,31085856950251.42,230913773995.8391,4997704797203.19
681,44025725856418.4,139639375089.54004,7869577743873.264
682,55783265149932.04,169363965830.22046,3535433087185.8145
683,57733081258514.805,142332943913.75635,4384883603786.8984
684,34926696380752.055,167692633459.38452,7311247788118.0625
685,34036959666197.277,222012803575.50757,4281556996320.2656
686,25930912929573.78,253741637960.3274,5195654159715.846
687,57337829260317.81,138815401857.65308,4542522897010.477
688,27655991224912.43,209036306519.3357,6893800296135.799
689,26949945837266.508,248431877348.08325,5154106093483.059
690,53101353467963.16,161963757973.84424,4159708146937.7974
691,34112859576147.586,211164420224.13037,4990284893764.802
692,26062938802526.367,283261097195.3557,3916588888052.264
693,40798454440362.0,173879880614.15942,5424259388631.617
694,48016429470912.84,184602765763.9734,3751813075164.094
695,35976134270802.125,233643815721.25708,3738790711250.63
696,24893021395172.402,261599170267.66553,5099894900109.948
697,56220779431203.67,141381885834.8418,4633127800889.591
698,34717161655084.207,318668029315.093,2566881526516.74
699,35564067077417.414,221734273694.6306,4117240710237.654
700,46495423442817.58,183058129665.40088,4004843271510.6797
701,41325735838699.92,305890430379.9512,2421991978046.8403
702,49072961448788.3,222118550807.93604,2733807205121.716
703,42069624928677.516,199612285720.38965,4025246433315.468
704,48652024517005.445,205316508447.21802,3048001718762.447
705,53514283312516.805,173962300993.46753,3678296442839.3975
706,47114802885358.33,144007894079.52466,6095013068593.285
707,55063140723855.6,147623351624.0105,4439844336528.055
708,32944785441068.633,317244796383.051,2735143844940.0547
709,45247973777497.375,232591632746.59644,2867803770238.913
710,36388029167536.64,249261786513.54712,3294871327780.2295
711,37287330596470.16,208816952164.2871,4275727670348.2812
712,28070926456268.78,250243480032.81323,4689253453112.86
713,60975929136890.38,128164906895.93408,5479787410493.483
714,22097612884966.08,283618736027.28687,4931931710502.337
715,24417049100794.414,249594473992.50317,5587345828302.815
716,26879798907038.08,281437312148.30005,3834256372346.294
717,25043258167810.754,258212944349.9939,5165830182112.339
718,24242983902447.086,228890806928.36255,7034549035253.75
719,61957453382755.55,134499897669.81567,4855344892059.075
720,52401587094998.94,270916462336.13696,2389835959925.28
721,53032411499672.445,158011115757.2566,4253570140943.8135
722,40075820024303.87,178264763746.64038,5354649870620.732
723,43594478355675.125,207408837739.78296,3465492539044.862
724,50231256077826.17,132268190523.44995,6275552191638.645
725,21273443279560.97,291963378454.0554,4758750569529.195
726,26548878158348.168,254089981536.73267,5056130644835.1045
727,57417198380438.805,139083185136.43628,4520868924890.787
728,26138089949089.14,288961887242.6626,3739648131876.626
729,30064307402463.605,231735690967.9939,5133257082702.647
730,50478508918830.09,192335187435.886,3353691359760.9365
731,45840268837734.77,142806804503.85327,6373064582853.498
732,38270660614996.56,183604602949.00806,5384067956898.186
733,31370703684339.746,188816235208.87793,6741735139933.695
734,40996363318346.92,184441979638.0459,4864616412822.058
735,39538050013328.31,226917660985.38135,3535992451013.3857
736,32929444569066.234,224604451432.31714,4612572758135.985
737,45125138778894.04,145821774946.80347,6295488903889.732
738,38908784832426.37,183640031487.92627,5307033454703.796
739,28390773168315.035,203064259040.07886,7253145376191.4
740,52875793879116.766,229310396874.04736,2455645024685.677
741,36411528013507.08,168333789587.63745,6762595282248.209
742,46377943359219.484,164300105882.5039,4692107411951.158
743,25045275233787.89,259108993744.8147,5110053294511.713
744,53958801263941.82,141645854318.29663,5278738940119.748
745,28690841294793.36,180042709728.3745,8896591921531.623
746,26220458968941.523,263794707421.39502,4638690376937.994
747,30651088097898.73,202705888358.6819,6221324471534.773
748,23623838181653.27,251343817202.59058,5640905404708.182
749,64158136198716.34,158823755363.15527,3108343402031.4663
750,31979846643250.543,213282711526.8828,5458699309790.434
751,57641302212479.9,142851934134.02026,4392538794690.4023
752,65804864805891.74,126375571879.04614,4792338552795.166
753,38706422196524.35,204419236904.9182,4363068637753.662
754,52659998837734.81,154345158291.95068,4484463451450.863
755,46420862652623.33,185611425845.2981,3910450075360.6875
756,41466725526622.63,181937108825.85352,4739695562278.133
757,44903727561074.44,241213037794.25952,2707651439284.248
758,34431209566457.418,207665532609.823,5192836372923.165
759,54943300800902.01,144736584620.99243,4635711190310.27
760,34941891930854.043,166065433263.92798,7346624664136.681
761,52997741871077.98,147457771062.79565,4760117641923.942
762,26803097055554.203,197877469875.813,8255700297487.968
763,43985517950284.74,199353235836.53247,3790183585342.63
764,46378409008114.21,164032972181.6455,4693658193929.867
765,61851624136541.28,130873762586.3606,5139798003904.995
766,43640247037919.125,209380348951.5664,3456560290621.2246
767,27788448426413.195,207060056710.82153,7222824382732.374
768,70142583196213.59,125242482588.96411,4758689625335.063
769,57852571672485.28,161217437691.17358,3676202506351.9087
770,35434565684328.38,202269154218.69775,5229781400446.596
771,29148115657321.43,191132951945.38867,7970136383815.902
772,63373237804140.48,134522043161.00586,3962280039448.9937
773,29867206041414.793,274231608374.16797,3544318080568.1465
774,27627573995863.46,304186500064.0178,3206527597644.816
775,25274585630595.66,244410101996.75073,5583936272808.607
776,36353059232042.34,223158783721.82373,3770784542165.323
777,72807321169272.6,113965383000.3562,4974794456199.857
778,23287926701475.51,323865427250.5513,3272979351354.795
779,40871807833581.484,174547107121.0066,5420583066003.736
780,52702092455503.125,142644290743.78638,5447470308303.775
781,71705923833472.9,146430672297.7854,3556086665615.2075
782,39959018095474.234,176333300346.30542,5459226793597.099
783,37020089217085.375,163123875437.63525,7368609610258.258
784,54967530565976.86,149215195376.88843,4434448693885.898
785,58078615489487.37,160533594944.9546,3707070895127.2617
786,35502615253476.086,218760060424.0598,4209584242309.741
787,47909743030640.0,231804262013.61548,2639216050951.728
788,27579419147387.684,304829366245.85645,3216988324684.4185
789,53416389453466.7,144493126271.61035,5316662361830.641
790,27392678504916.805,284184700082.4065,3736397777170.399
791,40805587510388.02,171871500849.24365,5486603191715.497
792,39294655905679.44,182344187694.63892,5365401849117.258
793,52413979026167.6,180807955992.5791,3534126466654.1147
794,46567162302078.586,165041802534.67432,4658995253718.276
795,37697570682697.97,181221223718.08496,5715464260724.717
796,34818347493691.0,210057608424.04907,4820065418235.717
797,26742743654021.293,287107218504.8262,3650537650404.1353
798,39857649766196.555,166787446311.2727,6205709990812.374
799,35726423260154.33,221219802094.93506,4128774022451.3687
800,44739754944528.15,243823023095.73755,2700032384383.8374
801,44917759406941.516,173475778262.48584,4604738444542.258
802,23841890406133.367,249978412750.19458,5647877607778.822
803,40294487534176.484,208327373559.36646,4051248435911.1187
804,44419134881956.3,197345289039.75415,3824794222203.6816
805,27261235242641.21,258868494757.81543,4684563455570.4375
806,24782683667566.64,268210379016.87915,4881328738452.626
807,41548514575574.23,200811394530.7185,4000182600973.9717
808,69554907732845.54,117692162185.34937,5301512456748.242
809,44274242439964.67,287175239266.7512,2452306359541.452
810,57646419060817.5,161632115366.42603,3712767700947.599
811,27496551175382.13,206504991323.1355,7260095933978.164
812,37558778986306.37,233003250658.53296,3625490857019.5234
813,38669214506414.26,204787092018.60132,4349241366633.492
814,22102903108525.625,278945117078.46655,5330422517235.986
815,42078199170088.55,198970251365.93896,4002563149094.5547
816,48359134592724.734,230095790470.81152,2631452009748.38
817,47118236684574.875,143926125572.52173,6044294546216.227
818,36071753855112.88,222315279942.2085,4075233154257.498
819,73744904840844.84,114336698599.36938,4667547410644.821
820,42622490530795.56,193737961916.27637,4235135416765.0127
821,50813501147873.28,142351475956.8728,5806614215072.197
822,48819858744824.82,210658790290.5686,2929921845024.399
823,21871401031602.973,278419571130.5864,5455183034017.612
824,37392203166923.12,176928847866.40308,5907723906070.344
825,56982986633771.52,164265806440.29492,3620380188312.8525
826,66645050490677.97,117377620369.92163,6266760014068.199
827,49619535548967.39,203990781353.6687,2988410551505.448
828,33090013431426.293,207428872653.19385,5380814868702.425
829,57101467641541.81,164118908011.92603,3605910886043.1855
830,22472564866521.926,274641435240.4563,5445370230279.101
831,65158444281409.33,123994134713.85815,5199142642737.548
832,21204022773980.184,287178930928.0469,5323824789225.02
833,47506886819104.664,179686128549.60425,4106989739625.7666
834,43105017958627.02,165239766067.87134,5539557220742.595
835,64525673237670.54,163723711871.72168,2957373269400.5117
836,38739194587726.21,239281450560.4536,3280541673075.2983
837,30026455391306.273,243406091083.98853,4460369023201.339
838,32513965438255.367,198109689918.63306,5936186675823.735
839,27346761720746.03,259718059238.01367,4587985992425.979
840,41776573569588.63,200539280236.5647,4021144260544.07
841,29722284837698.914,245827225290.90552,4330645488586.558
842,21283530342350.887,286192005917.94116,5327991306511.867
843,44809121146301.49,190392718899.6609,3903207556900.981
844,23873302090809.348,245065720405.00708,5973553856954.266
845,30616656835720.363,303820909319.5437,2951041653200.664
846,24980934972290.535,272445006970.2234,4753861275815.4795
847,45453985633586.586,151350087248.2268,5993930117332.802
848,26467260980851.24,236684462601.30078,5699092126272.385
849,54372612110820.91,165039510664.85376,3865394562726.5195
850,31404124340704.016,236475175754.35938,4579874253781.017
851,69493963537338.87,118229584943.35205,5320997761838.13
852,45293599529148.58,155115813768.9729,5489067107567.5205
853,69503858879821.92,117565915872.55054,5325470305259.948
854,37736663367742.125,180817294267.8142,5720834203034.192
855,41892917494414.97,161493349217.02954,6180853644569.955
856,43067269425464.14,193165866184.29736,4149697956282.6333
857,63164293263625.32,125764375156.06226,5365617468719.744
858,45952856477345.01,182908777188.74146,4178250263029.6523
859,42762802078276.96,210116597407.83765,3526334329966.626
860,28542957284276.004,244662939071.74146,4844016673748.134
861,57638500324077.195,136791010651.16919,4547375864958.036
862,30033100806809.92,231471614127.1399,5181877055821.439
863,41210425225406.7,211788590915.03564,3780224694935.007
864,29267436741967.35,282416399145.3855,3413729402892.2573
865,48908685120799.195,229681680536.68994,2605698903765.595
866,53615462381220.36,175127088895.50708,3579848535328.187
867,27733116875140.47,242696075644.69922,5129926195128.566
868,69467693761192.08,118460063435.00415,5324730230649.702
869,63280714500272.49,171521796227.64575,2863783241688.1074
870,43627705902161.55,197512402604.2473,3840050238746.548
871,25121593388022.406,263188319049.1919,4970170864280.651
872,48142702912029.79,185170788112.74512,3741211897531.574
873,21044698840907.223,292191435458.16284,4677751660042.723
874,55289078996108.21,149434009852.23608,4344089590879.658
875,46417743098794.2,189559405139.62476,3814900022707.1396
876,49639678554653.76,224241618031.74976,2646683911206.458
877,53612970704873.555,155385449204.9524,4284349860602.0425
878,22087874977309.707,289785660166.37866,4664173681768.944
879,29402259586748.32,237689893357.0515,5057544355062.984
880,26666713844868.86,217783933695.46558,6638652025151.665
881,48769152702430.016,153847403251.66333,4854087058814.491
882,43932747091556.27,139811491751.63647,7244226221514.847
883,44587942303679.17,188875753981.0061,4036745731066.3213
884,30490525416867.734,232352827009.64307,5031336190136.306
885,57641035189455.83,163490842002.11157,3635706081315.066
886,27452706982495.055,218634797976.88403,6182596291039.85
887,37322012570582.58,182532287894.43945,5724554716399.72
888,61156545572753.04,123027914168.03809,5787816906100.381
889,32872650849393.402,193756796526.01465,6286861011423.948
890,41222918279549.48,168503331808.698,5619084437985.304
891,24916113788612.832,323786259793.0027,3135111394280.614
892,59185039567742.29,161886356258.5227,3435588990357.469
893,45619670932842.29,159129470695.17188,5304957072487.87
894,51173046726976.586,195162198580.54272,3205504321122.809
895,28272490830985.0,192111183018.65698,8166426429035.34
896,35792800041692.625,217022881330.69897,4319632163423.7793
897,42940612990877.16,200300916187.5227,3916658674339.335
898,52023100671097.664,214506290478.99976,2795928947200.346
899,24818641072331.15,261226675576.906,5110929981270.934
900,48750247222195.336,165988600091.44238,4322187737976.244
901,65030272388810.73,128178052251.9187,4828584927004.735
902,61744709099842.97,126348464584.90991,5531813293603.447
903,33245957226617.727,174209842929.70386,7551388536922.729
904,73155736831283.12,116323883369.53198,4879682608645.325
905,66906381904791.19,134217048837.70435,3877643983004.308
906,23931451047323.926,296756784301.2942,4028951393015.6655
907,27835647674525.906,206582037472.45435,7222824933858.018
908,21455162835785.566,283081666493.2251,5376330089767.455
909,25675401951432.535,287146631960.65015,3849735883010.4004
910,65102165435938.06,126806403763.84644,4836786732266.389
911,59348142929106.28,131056098932.91138,5448000337455.293
912,25254223193375.93,289382122204.021,3866501270167.8906
913,39554058975527.57,184506418220.71216,5168076235036.627
914,55340255955931.16,150634920336.58032,4324807467100.5356
915,47942565583140.4,230969152385.43237,2654842403742.8594
916,22566277396528.35,280561785112.7273,4843263861109.0205
917,53256091572629.336,159698554229.5896,4150502701988.043
918,67208892488185.086,122237544749.52075,5066600284232.724
919,25029377332375.406,274921709583.6575,4632364590910.968
920,46349415123847.11,226180254615.11987,2886398904842.967
921,40527021794750.914,168858076356.83276,5985405240123.165
922,54289000962907.7,173283561321.0476,3633241782991.8306
923,29649237316151.73,299328361109.60767,3089420464589.624
924,45563888817923.195,158599963345.45752,5310222580260.686
925,70276736811892.414,123586975097.56128,4892496357286.168
926,27834700241167.754,278415384971.2256,3732170335339.076
927,34690199328140.664,173866195052.6316,7097645811094.748
928,57955872733440.625,155309076233.5227,3895971203665.019
929,38619201020541.75,172873294143.6631,6263745853614.259
930,51463681756405.72,154623463442.2422,4608256474793.255
931,33527549393735.707,222478436631.87646,4327345745121.4287
932,43983673644166.78,248891836829.6255,2583025956150.932
933,55684921958776.32,144893527145.1963,4470845989611.711
934,21991811527472.86,288552711211.20703,4721357900868.946
935,22468736969262.297,281860624631.8877,4849494530724.258
936,47272247424644.06,178379248009.72046,4136020433367.372
937,40228337322615.72,212613472502.2522,3820190547305.3677
938,31226930526981.684,189195673976.23022,6772019255060.592
939,27133774524258.484,208892261879.989,6900723249915.182
940,34843649973132.56,221048819528.36206,4175766240561.728
941,62703646522156.97,136856044495.70532,3964317979115.7695
942,61588887742171.29,125817725261.44702,5592728473149.489
943,66572919623417.12,114524471479.60083,6369648987537.942
944,62772570359159.51,125880291985.29712,5439722101322.622
945,28088479890697.754,303865510363.8086,3131359383787.326
946,41070709670152.625,294698946202.4077,2507274044113.299
947,48014250075803.88,207417146830.36133,3018959460951.646
948,30153951959437.05,236162793622.69263,4715552056536.643
949,45212326797035.516,248109578785.44385,2480744660336.306
950,49789719533347.35,138092773937.87036,6110467729608.244
951,38628783314481.555,220516326047.33325,3744020357828.2627
952,53571614284293.28,155689097156.0984,4282071881453.1587
953,54459705026888.8,189062725393.78638,3059322568553.0957
954,35420017659999.6,208597537378.21948,4920674436643.193
955,54740952346633.56,146867501786.1372,4589484988354.1045
956,21518031233390.906,350171045964.17163,4228971386640.199
957,27716705566694.953,263287861658.52344,3931200922541.2275
958,30035172107918.9,231450071489.4524,5181877077719.984
959,37045365020330.875,220467769034.21948,4056384619530.0225
960,61786283687384.58,125900507633.4607,5532326529701.248
961,28158652482338.266,248381137728.7793,4748058504032.488
962,20208362035331.3,360641136847.3518,4412638159166.405
963,41314402151815.14,142355348579.9812,9518343128514.521
964,62567503226736.06,126686489675.38062,5435432581707.915
965,35871698074170.04,199701988634.28882,5248331437309.977
966,27048878991815.266,216250602584.0952,6576160059631.652
967,26694828705018.56,252343493618.13843,5132390612382.908
968,53035037959640.84,165361354356.2444,4018684751967.3896
969,43316947960294.41,295486492098.6892,2442756426300.4893
970,20553404180951.76,293318966190.06445,5337328837892.799
971,26166615490928.05,218615439377.48608,6790995969547.582
972,55685033920165.69,144689193098.06152,4472771236421.541
973,32991464247449.574,206736449877.32837,5472034919349.716
974,25553484960818.4,253605446536.50806,5225733634926.653
975,61498993486081.49,151597739746.33325,3580275211472.731
976,24396883272023.957,274946770168.14624,4580261562128.965
977,30142611426134.734,277716720091.50146,3441807942482.3677
978,53642675171847.98,228103619696.98706,2439853837216.4053
979,29434399149284.355,253297541414.73804,4162476972584.0117
980,40017782761759.74,159189633395.33667,6602433684083.664
981,48909096123041.445,155879573616.29175,4725556740503.392
982,46810599416358.09,186958560117.8872,3850575840262.5854
983,29889037353686.004,235915575410.5564,4878441212912.357
984,31880656442690.984,242461058347.16528,4066833391883.537
985,44642697620403.11,153813231561.2483,6014206708849.595
986,33616436066769.348,217795066634.89453,4876114338874.769
987,35943598491696.055,194619192914.177,5406309746854.278
988,56262852052901.35,143720314956.96265,4418774773363.992
989,51319615616903.664,142091921328.1399,5737400913920.106
990,31144497373009.023,249191737024.54907,3871495565909.736
991,33154529580887.492,188584280510.06323,6442988937828.319
992,32518384166125.742,223748264394.80005,4982363964662.882
993,49420078045407.375,188829569243.49,3549955449609.6396
994,40707041879824.59,158525573416.94727,6713053062789.423
995,28975403020822.344,244890178023.43823,4625459266751.481
996,56847563562024.92,170116641522.38696,3378339295980.105
997,59741264396006.41,129022573971.35132,5434010895933.449
998,50522671297769.46,216382288204.80518,2723422024865.695
999,32509794723414.6,211643107468.104,5424264474525.52
1000,27720947891350.99,208476766805.2815,6874008800731.745
1001,58603395539847.336,198480806909.71436,2698948864615.089
1002,35133800943975.805,228115577140.85034,4024323362711.6333
1003,38636664807328.39,218778616082.59692,3853679007263.8867
1004,27815347386714.918,193862354763.99048,7931156578855.571
1005,45556858428585.64,240605827782.5891,2616873248229.295
1006,37895834949622.42,214053012150.906,4059241292422.825
1007,36413367991182.26,248890279810.16968,3289815152673.941
1008,53657755452277.52,142652718126.82568,5328612557259.784
1009,44527552326767.48,249634047470.82104,2518503421809.791
1010,57755543680823.65,143903232781.30884,4295063200339.5815
1011,30747608677279.34,238530975105.8313,4617362804378.852
1012,28798903446113.977,245551227318.09497,4723213047684.302
1013,53537260734779.97,209465857769.23682,2737639180844.825
1014,31664503635589.645,201354896117.28198,5980201329455.836
1015,35594831794935.734,203370472896.4309,5172376331142.728
1016,37850208703685.55,183707520669.12085,5471863942715.796
1017,45498529537409.53,144313199895.14404,6335726941669.858
1018,45676084278774.03,151124539221.8379,5956062255763.727
1019,39992860608413.26,159448837099.5254,6602433420597.641
1020,45829533849064.41,173288592589.53735,4387819425868.289
1021,32267825620327.473,232016716783.82397,4200618375769.898
1022,33153012072743.36,188729500103.42456,6439633977915.153
1023,41989941804551.99,165190557746.64258,5769655171623.099
1024,58890199741486.99,158087145337.55347,3647232902511.6514
1025,30433209605959.16,242800614285.0315,4576923982314.431
1026,27504016488406.797,205771020450.66187,7272855983468.58
1027,22114858908385.285,282104528360.843,4964715872079.719
1028,52876450029468.98,228557476464.3186,2458910684736.423
1029,49265735686156.586,176818249824.7849,3905146373982.5254
1030,32078761078117.27,256473808856.5498,3662128824928.833
1031,51597629963672.79,272934206836.5044,2390700247079.0356
1032,38640790661811.71,172830331628.56787,6223295813212.716
1033,45327562310810.62,162505670741.8755,4901555421108.946
1034,58074997102825.63,167625202940.8723,3291590521533.1426
1035,43720969446027.836,254235327969.3474,2485406530077.101
1036,33276601227337.043,198793207722.0581,5902020330257.2
1037,31637062509428.69,188709700367.19653,6698696455700.128
1038,57254518019145.63,138974873446.29517,4579456739297.465
1039,29111546539140.62,254760942009.6963,4197827904478.794
1040,47831394695439.414,240110864619.2312,2505864151480.6934
1041,41328713860659.15,142243764134.80103,9600334839146.402
1042,66922994445353.01,113961301082.21655,6317123654294.4
1043,26180232885373.4,282557954487.95166,3930771413269.656
1044,35318072489356.78,194747715354.25146,5544207389217.81
1045,57223213132048.734,193677163583.6548,2890496906053.2446
1046,49860745522362.15,172869984686.31494,4043658561472.014
1047,32899377129754.305,197775300617.93384,5970184302851.316
1048,42729817961426.59,214549408046.77856,3465823238962.941
1049,26450818886016.12,254356012081.198,5070190731557.365
1050,54257277242906.33,141147404836.91992,5331420715712.794
1051,40769510299454.6,187153219000.92505,4768982261391.966
1052,24555753864525.97,249947707070.2522,5547761277310.751
1053,44139178400654.0,139525068551.71265,7612735204032.484
1054,40647798047072.414,208588360148.1184,3927497851173.4707
1055,45031888923631.31,199845893141.45312,3596993421551.25
1056,27498527136371.812,254975021932.5542,4619457990895.98
1057,26341086198780.215,273287385061.65796,3991311538874.7344
1058,37293786569679.47,219336814129.4856,3985549866702.773
1059,45173257525479.8,148152826416.0166,6245384996645.74
1060,23442501099112.38,234721410138.3982,7134639645366.868
1061,24144254470515.56,250237074864.59888,5590451043008.624
1062,35337356993782.875,247376348247.9275,3302867074047.7456
1063,33985574485835.25,315079253797.02515,2735535596240.2065
1064,54418589636786.55,229584912350.979,2377361194606.5317
1065,27401707705848.723,278851237850.6763,3783898004764.871
1066,51259060632416.195,194723822377.36108,3222078772707.056
1067,30843036745546.75,228397745105.82568,5104365306409.59
1068,25566727383646.375,314320758947.67456,3284150644560.9473
1069,56092092585488.44,167970842511.6726,3501584601214.5586
1070,57117177129958.25,138854075453.5852,4603723349345.0205
1071,56943741393039.19,138686453215.7334,4607446647260.5
1072,45053775819217.516,165359689665.30005,4905558813844.545
1073,25051544926850.484,288135030296.3696,3955228060128.7686
1074,45218136920034.586,148445405913.97314,6191842580031.095
1075,32954153127484.43,316451558096.6946,2757846071573.257
1076,23216304892307.242,291695841728.7263,4294644470203.9126
1077,27790435689045.402,206972186945.0652,7228182640541.9375
1078,24905771411817.39,260152088659.67114,5108282749465.242
1079,40704625776162.05,158603950501.39648,6706799890547.873
1080,33707869883875.797,317827655548.4033,2671457610677.9556
1081,73421050055324.33,110224021241.16553,5855232615640.192
1082,48364134644416.55,229620754238.97876,2642121314105.9365
1083,42910753584830.44,154683325274.03857,6348206974479.232
1084,36314411820306.5,226399537326.86084,3695949438088.1143
1085,25519806232434.977,272944540146.96606,4565059226153.187
1086,72897816786301.52,114723272183.83716,4944160617896.881
1087,24196145081500.156,236378566964.03418,6590893084075.733
1088,37570564762676.86,230338682840.06226,3652992151999.176
1089,27240013900993.656,190244077624.8589,8817859763770.244
1090,35795112759503.69,216809294128.94434,4327051898441.631
1091,23418772669714.0,258347688995.61768,5478831816926.095
1092,59185352416804.55,161856740410.89478,3436283989081.3745
1093,39978881419721.35,159590374524.55908,6602433312233.299
1094,37462333000683.83,182282896264.08057,5672163572239.626
1095,55338246856250.09,160405459456.34106,3972335680894.2573
1096,25462689754114.59,286068236344.3784,3893817636539.9326
1097,32936525966611.227,185431072988.48853,6650655389304.406
1098,27494944529306.97,218410180265.53442,6185357637357.073
1099,46528779337852.08,132817927209.85864,8248595527402.377
1100,30176157044216.69,242310429314.43555,4591132876292.032
1101,39820497576706.29,173470432511.32153,5602448130994.468
1102,73510409917931.14,130209665461.39575,4081665304588.0063
1103,27382219236320.105,275369679288.18726,3877543028362.237
1104,60163499397020.16,131324246213.73657,5302996401980.912
1105,35311049971268.35,219231658621.43042,4176980958497.293
1106,70372218612012.66,120458415779.64722,4936430344315.151
1107,32483053939264.6,206003799034.83472,5549798930667.825
1108,30435203707248.676,242704231513.01025,4580344143435.617
1109,29420680548840.22,243982578141.7732,4644715156390.076
1110,31331169851542.25,236435031123.10913,4635468573584.663
1111,58944298780017.12,137264232962.26099,4383716922939.094
1112,36770881775222.88,206473495542.07935,4458886034572.289
1113,57466144447971.195,141479539631.4646,4423810469164.13
1114,37186062905667.73,210178642735.2859,4244907555901.182
1115,27424059534315.77,204534501729.9563,7344954894284.342
1116,31150539086564.26,246972372048.89502,4027604308379.5063
1117,48557809772004.72,224082919577.3015,2740451845278.0615
1118,41718453500066.84,210042174546.83105,3667991925043.5303
1119,50745049860805.29,194345977812.95752,3262295612167.4673
1120,34179321539973.812,193679057275.43164,5879524358910.611
1121,44357967657330.66,169002415709.44238,4829206129410.693
1122,31793247306151.945,222795953721.35693,5202045817085.687
1123,47184180497759.46,183818734983.01514,3948058957835.7646
1124,25679818331955.24,252054651409.4358,5232488156480.333
1125,42906505144978.12,157196420233.54492,6285743790575.601
1126,36908486122258.68,206320224966.04175,4536586843353.933
1127,28077275549995.797,289446665740.62134,3485836379888.4204
1128,44133146931430.46,193693225919.29712,3915635932356.7593
1129,40635494903787.195,178448565813.87622,5127862578773.558
1130,50029183052765.93,163828956260.9641,4545042329283.001
1131,48406170780516.37,224671975583.5476,2691765189590.991
1132,27402859659548.79,262036336516.43896,4472941809715.82
1133,23256973847833.133,292058610986.20654,4154228825982.5405
1134,48073988501922.15,142257624361.8694,6041659517253.68
1135,27450906813405.746,219417280171.02466,6172569022401.649
1136,29648573107009.03,299386643449.6748,3087487564021.679
1137,48532828821174.414,229642528458.7915,2638190667692.331
1138,30166635139156.625,230137201684.8606,5181878590528.761
1139,48603247322722.12,191157197957.80762,3599105992916.2173
1140,26121078887737.918,282653219558.4243,3916589464628.4507
1141,65407450009444.93,128557475256.22095,4797478026803.08
1142,24940795013401.047,259786414469.9829,5108283139799.912
1143,44905995174960.22,237902405868.43384,2711114404156.6865
1144,27035622754675.656,206997276283.30664,8065270271565.854
1145,42025783026185.4,196051091717.97314,4070401121776.094
1146,34442646171501.863,241720648758.81714,3653861585029.8027
1147,69493926225688.92,118267270706.52881,5320598880219.923
1148,44907939806378.58,250602404109.719,2504730187244.902
1149,27384776458417.57,206948392789.9065,7235476086356.475
1150,36375315818321.555,173682147621.88745,6479807541822.215
1151,42363522241349.99,206351097475.18408,3537908908773.6787
1152,30585894091490.97,235455868377.4502,4886647584791.244
1153,23944394242851.633,252509331842.85327,5594475026318.098
1154,28025029403576.812,263251483195.36816,3959418945892.2363
1155,24328551624533.61,289595308118.4634,3975621557389.2017
1156,33484137309234.953,225564024998.21558,4200918501931.895
1157,24578572565695.094,224068925685.31763,7158688694881.801
1158,35559558164943.39,201984315040.83276,5177556947098.036
1159,34737636221939.254,236198077445.96216,3687375010021.5166
1160,52607629743559.63,158789141995.80542,4270147921467.4004
1161,57297667029710.68,155718725437.14038,3919416167174.6113
1162,23892018877388.266,297585938418.5022,4045441585826.3403
1163,26338343571407.758,238838447356.4502,5470056472699.952
1164,42007669624232.02,212999162003.43384,3595307261031.162
1165,33058919334443.207,318325376195.1338,2718513230472.191
1166,55423964240079.64,185209822610.4851,3032989915350.659
1167,32122180300525.375,208614061821.38208,5692952391735.719
1168,58018012948546.26,160949993006.99146,3660611408716.159
1169,30378315018715.4,202424780796.87476,6357712629783.32
1170,24376991794756.957,250111507064.51904,5556457365914.926
1171,47727719773823.05,140545556971.3623,6098930852579.608
1172,62519086400620.414,127030528363.81812,5416591403397.44
1173,27465135621488.375,218536541496.61084,6180304515547.626
1174,41301971085879.68,204041190690.43164,3975544278034.0884
1175,66167480047438.65,121541103835.35303,5175482907633.831
1176,58068569533413.805,174134399217.20288,2884852157879.276
1177,42003320835188.76,153302933838.77173,6812766047725.116
1178,73880090100420.66,114833995160.63818,4621401613633.781
1179,25716834004459.35,286003652877.885,3851218716992.1406
1180,44958800114810.35,155424280614.46558,5588031600539.304
1181,40373059303290.81,246715314896.9353,2969693747085.8867
1182,37519413202515.71,217922032698.26,4021235007348.1616
1183,35278725934863.83,186019109183.11963,6061462551366.187
1184,62932852399662.95,162511652589.6018,3097864214050.2114
1185,27160238777945.66,313038882360.6316,3091947007763.635
1186,46698837412085.89,176712650462.1067,4269786351114.9233
1187,26591844981176.777,197838075227.67163,8332099948526.582
1188,28411780252326.41,300867481979.324,3174240459473.6533
1189,64578674387732.41,124684041446.83813,5283001842507.477
1190,35178177249439.832,223888066641.42993,4130584828193.201
1191,49292535464994.125,228827975659.67847,2598040136899.417
1192,26977505697523.02,323258573499.75806,2908770678116.4297
1193,31023255808101.43,234361082938.92505,4780785601281.57
1194,37998703893480.29,210620402921.1582,4103105363944.0605
1195,31769389137142.562,229098909491.25415,4954153756275.767
1196,60469328202127.336,128718378381.17139,5424591635682.144
1197,25117611496580.395,315973959226.56665,3316136222969.7324
1198,65797120108315.26,126456137573.48071,4792338481133.444
1199,33488791467863.688,225132454370.8286,4212419181903.933
1200,45054351294584.27,165304824090.91724,4906428139106.383
1201,43720360052193.94,290223515847.1177,2432793807783.839
1202,41418869248939.914,205468192803.54517,3933852519724.6274
1203,64130807006785.5,122247828669.56543,5520813685676.397
1204,45278429146902.39,156154674064.64136,5497793642800.291
1205,35449627007797.305,200892712776.8745,5259673397080.977
1206,24375969247116.797,250203495845.17847,5554691203133.267
1207,43710526123276.414,290482438603.7849,2435402422565.6807
1208,47395823890335.7,186884713899.8606,3734325885737.9395
1209,41327625551772.45,142329856771.98535,9596780738226.918
1210,28214856833563.383,237348296603.8235,5228313403944.595
1211,57996348746372.83,164386225380.96045,3460851443670.672
1212,34237145161826.77,213593566314.4453,4839815755559.629
1213,38581006999799.86,181716413418.823,5419678370461.592
1214,33464722980471.895,240880009735.25464,3879686139811.1104
1215,37603157650161.23,306646373557.29956,2549267428530.7964
1216,59508429916972.93,205481693572.0923,2494862461916.2466
1217,42246438344438.03,188092439564.76855,4468649083541.209
1218,41539220787353.484,186007732929.73535,4484246151050.816
1219,47564464644508.54,179475509486.28296,4053076793067.1226
1220,70641735304404.84,121052552546.5271,4899858764386.481
1221,37597580274640.516,243880238817.6089,3299389667501.6567
1222,43253184914037.56,191396656116.65234,4154805117290.1147
1223,25725481103705.1,256796106438.51562,5131116697027.485
1224,25326857128708.484,263109930263.11792,4943954277375.535
1225,44221125683107.35,151690423213.54688,6278211472917.913
1226,70843772688919.88,128007313047.77173,4299411162562.497
1227,24702846692744.324,318239395820.63525,3250006861746.401
1228,29728037179591.336,276177303905.9851,3640530642974.5854
1229,27238756982679.89,250089670417.56543,4797728985637.885
1230,32856046436854.004,250859787138.79517,3718084430651.361
1231,29826145160464.99,296850539846.9175,3182109401711.273
1232,23640131645579.555,277264522575.1931,4724257980442.374
1233,40780402448386.805,186942182947.80884,4553215299750.118
1234,26596675558353.676,235908332786.6621,5638063563198.032
1235,62773027269203.77,124594874764.65015,5403383935681.739
1236,29289698592934.85,282128565053.64136,3441040803518.627
1237,57897818708357.19,161152473320.05078,3642147215192.552
1238,28071828798914.11,222676236878.12305,5880313665942.862
1239,37482394456035.36,182263868350.96753,5673168782473.747
1240,26950078795083.184,262490898111.21655,4655866263312.877
1241,35202726104802.91,209659536249.8003,4844797341257.37
1242,31812542317206.176,225629250040.0608,5005189409538.738
1243,47749043244915.91,199467607686.43994,3297738607170.8228
1244,39701249319727.64,170837416919.8369,5885587944889.37
1245,25529275752545.23,254264525692.37134,5256448111022.218
1246,36429190070048.49,210336039118.2732,4370494806488.5815
1247,59053065845051.16,122496510303.08667,6136902864960.564
1248,32367511654503.14,189980159739.31616,6492168655773.193
1249,41238606603693.98,167133768234.063,5976270509537.841
1250,62804218902579.36,163414284341.91455,3122395590566.8984
1251,45171256113072.055,189372034081.8994,3919992227381.1587
1252,65503538907072.02,126190706851.70386,4833667032916.477
1253,40725745830946.984,158388165600.64575,6706800162968.501
1254,65812718434194.64,125178991834.1062,4836507642163.234
1255,23872925710808.79,287353342779.3091,4134129020481.796
1256,34525640600357.926,234097297375.55005,3798796054692.8276
1257,30687945891963.555,196191551533.48657,6588510523815.737
1258,40173640024008.875,183575690555.7046,5023796010415.47
1259,57812633616163.88,140752783911.2395,4416451216113.295
1260,28190855162500.805,249928586186.9668,4726993975550.76
1261,23704627261361.51,252309344532.6709,5610732360957.849
1262,67642732531877.19,163378384090.88306,2941418160789.2524
1263,52610506742557.12,158522601694.20435,4277015282139.5527
1264,38326212071749.12,173676058335.52246,6287526481002.707
1265,48166808674666.42,233551474064.10938,2576094113758.7104
1266,45080354796850.875,174793161754.39233,4426156764859.904
1267,66422452099902.766,175423973603.4463,2736533414262.254
1268,33585411510059.246,219295988903.6355,4837219460284.968
1269,26108382029317.73,252806301108.6333,5188187125808.615
1270,35520081348271.31,202770428039.03564,5208749500678.936
1271,37620805662055.945,182081153290.09937,5692180248853.987
1272,25412616749522.617,259083463773.25464,5098333997019.24
1273,30835122364986.855,234909231673.1223,4638017493741.09
1274,26128144174543.184,264557192614.43384,4682993155393.568
1275,43610910705501.11,192929436834.2461,4025255937633.999
1276,50454495455461.45,194774393030.97632,3286017193229.2495
1277,28301142687258.457,202845763903.9414,7273756580823.07
1278,36177568625539.0,160807348171.4685,8449427582640.323
1279,51343983132538.21,156273550113.51465,4613566311696.865
1280,47229420555991.14,154700390918.05615,5103271862224.419
1281,45397290139666.61,229447315832.70923,2909826506813.7334
1282,42081589750414.28,209377081212.4109,3587947536543.4272
1283,46644098632016.16,188249344534.9297,3815679883677.162
1284,47879682046748.39,175762601300.75342,4095528785563.9805
1285,23576722050617.7,274939729437.6367,4838408752391.776
1286,51063546128929.44,142500455752.5686,5734159396435.333
1287,57936789167106.7,143347761387.89282,4315778093777.788
1288,27292198169573.375,213412699359.73096,6725786160503.032
1289,42021054153443.66,164605605884.30103,5772684158842.568
1290,28701334862300.805,256957130152.05103,4138924273797.7363
1291,40252656346961.375,210260347371.14966,4006433939836.457
1292,44065479491472.41,155849374910.2483,5664979088402.83
1293,52616081539710.17,270461073505.80786,2373335890066.1997
1294,48107474682836.96,210674724018.99536,3015814633565.861
1295,39560412922651.55,171434506999.8164,5877253586998.136
1296,58555347164013.6,165338538971.011,3337335549094.216
1297,42780556603763.17,156801764603.21338,6293366003040.742
1298,46639243896182.83,162629059677.13452,4884179706148.459
1299,63411955977400.76,128601802687.1604,4900340730348.881
1300,57778629695169.0,143756397164.67432,4267041303059.567
1301,26106209442064.7,270297006973.63794,4472052016246.287
1302,26177453419583.406,221453847654.47632,6645472619837.184
1303,49130577675519.4,203130775356.03735,3060557740640.3394
1304,30211611115465.26,225726181468.7959,5401224928490.688
1305,25604811806578.742,287984297081.43115,3762193301366.3506
1306,24603021835478.094,248424034112.77783,5585473674230.508
1307,34220102142891.29,309929793297.4436,2747961458623.055
1308,25128973765457.67,286649729536.5437,3869335759660.064
1309,35779646208959.28,196223658470.12134,5436089005203.338
1310,58360421513703.14,198978643817.25952,2672108761123.181
1311,25179083424294.984,245346024744.77783,5644670339200.949
1312,35949407934279.86,196650274648.79004,5387072912350.322
1313,66320975295098.22,126284463656.83862,4754200353852.017
1314,30024469366505.797,204316689331.44165,6081273610865.311
1315,63379209854341.086,120972188390.67236,5608031007352.905
1316,58820778544677.95,134180499843.4021,5248514884628.898
1317,32366676055518.914,191512421503.90552,6490430724779.477
1318,52878330522795.5,228395010297.97852,2463941401583.9736
1319,49567027594229.63,174268972241.3728,3905580259095.0728
1320,36416994836807.555,217648173422.2693,4113108856356.4136
1321,47506697739566.45,167544036734.14355,4421990407582.808
1322,65658233760572.19,124065975815.63501,5174942074150.448
1323,23612021697913.17,279355099872.0388,4774207085360.187
1324,47920536647248.33,181351808822.4348,3920607453527.0938
1325,38905405870527.3,172377913699.3689,6246541300330.305
1326,45076679941675.2,160888707253.27026,5333575064162.622
1327,46936820497788.69,180393231286.8872,4108291165704.383
1328,30224649186804.207,251562344664.27466,4019446028477.979
1329,42849516420026.94,170246662611.8545,5214735951428.791
1330,43430002073751.98,193987407932.32764,4052218704715.716
1331,45362594365472.66,137252482561.78418,7368106456599.494
1332,46105706262167.18,229314282462.95996,2783458505959.5728
1333,21861389731843.234,342990939294.9968,4197198126327.44
1334,73405884463987.92,147716716167.24658,3416782940131.403
1335,28579685428733.957,245682143912.94922,4725803710039.649
1336,44505168845208.164,137256444850.24023,7686865087549.81
1337,40579607890273.45,208298243129.3921,3929659480775.0366
1338,61040429093815.3,150922440210.26172,3726204103828.282
1339,22075167896149.523,288258191299.1323,4738454748789.903
1340,44448735961297.88,152091219156.68164,6141181862870.284
1341,57887213288169.14,145885874680.58228,4172118046018.583
1342,37464934711856.3,186160856692.41187,5450110700900.13
1343,32808235662031.504,217936015893.3374,5190436141224.343
1344,31345039759848.24,196331422633.6006,6367137152330.125
1345,42608431203578.15,219812906601.063,3336823555893.2534
1346,44753519273130.734,236757081873.64966,2769084760866.3516
1347,46829479139962.99,168280916954.2744,4512349240306.459
1348,59053957708546.63,149361057171.12036,3932521079183.1343
1349,52045111207126.125,214574198595.70337,2790912097863.0293
1350,32537200672903.69,193497470964.5935,6317379710818.622
1351,35942136207596.516,219102612766.06152,4119259903786.926
1352,61458685756090.19,122754044838.35864,5786778191051.424
1353,32634122401151.195,245439456351.82837,3915006620956.3813
1354,54790194744218.84,145948038825.60254,4523215300405.643
1355,37362212729542.1,218695834368.8186,3971075362906.3457
1356,46411028076289.36,158823177745.88843,5057756609016.2295
1357,47471928011361.96,157295423622.88623,4704813800908.733
1358,38781190529780.05,195617688012.48315,4601578360804.358
1359,44345842404391.69,205122325109.08643,3481564181073.3486
1360,35584434821920.27,198417862451.00806,5272232592852.443
1361,27366771485663.633,218611191113.4922,6211403713121.116
1362,26527454568100.867,256377745883.77173,4950358193561.359
1363,66605909321521.79,121353200403.2229,5122732502379.141
1364,40083527300270.48,179649351718.61597,5158879419996.247
1365,41969801566449.42,171579965377.22754,5247812306703.7
1366,34530476988902.945,221965937492.25635,4200898515543.2285
1367,60292576013401.39,126805209873.44556,5779148071198.646
1368,32717417195833.945,252401215270.59473,3739535747797.6353
1369,27892978444405.83,314419767948.2898,3055258578118.0977
1370,47323510538866.83,161604136987.76807,4862034959255.656
1371,41734616755035.41,214066568137.65454,3601409204085.7925
1372,34871549540786.59,217921111392.45386,4224920042143.8267
1373,32125262388532.96,230974583676.18433,4248541014200.7295
1374,55795568358935.05,169168075228.20044,3537384280368.3438
1375,37448782385646.47,187097835323.71753,5405107886484.675
1376,40222280835511.664,175765200169.0735,5424798595302.132
1377,37026341739352.625,162585712694.9226,7383342406258.576
1378,49860008547949.76,173419958541.16577,4042505418247.281
1379,22060273109226.3,328686386660.1189,4327406786689.7646
1380,56641458951145.03,161533812046.1692,3860539166733.5156
1381,49999328686178.5,175670812204.49634,3799842942086.475
1382,39019535358605.12,182572396445.91382,5275279669265.995
1383,60323876373865.16,126278931154.62305,5733797536922.076
1384,36639409832480.016,221063693229.9651,4061987384677.5283
1385,23870012767836.316,287547565104.2805,4119324655376.5
1386,31143027130764.28,249319120061.0669,3868575132784.2886
1387,26137374121869.766,263698040134.97583,4711874152650.878
1388,27772752231124.19,208221342422.75757,7180049801028.927
1389,39849196023984.34,167503293500.00928,6185222672697.562
1390,57647389417529.44,161627673621.44458,3705987923476.971
1391,39434114907405.25,227216234724.7063,3536354295863.37
1392,26649860057099.305,252416592486.4685,5154614864155.142
1393,46054360960523.164,229849660697.49683,2783458058382.6875
1394,26819048391257.355,251727962290.01343,5121213565361.576
1395,32948783997348.688,224364979307.64722,4613634065255.828
1396,44941475640483.805,157326010922.94116,5501798321723.767
1397,26475992294195.38,286172904971.7512,3743755238331.777
1398,43938871127242.81,190561236161.9878,4032140161183.2217
1399,39811716850194.3,209265293415.0564,4041607367842.754
1400,50884150068468.83,164248429298.84497,4390958070937.08
1401,58292536690668.62,139060480082.77124,4389083855429.4136
1402,27208775094826.562,213345084520.68872,6818903009767.97
1403,45628491066185.45,302663045802.18286,2329267365228.7676
1404,28845823360214.242,255705627357.5691,4281295774563.471
1405,61418988975317.305,141071656421.5652,4000748891579.7056
1406,50300708430553.695,152000182578.886,4810053766736.151
1407,59244506400262.76,131406237683.14551,5037366704112.157
1408,45715054725771.72,146586510791.51343,6216621209537.807
1409,38584886365824.63,175805740142.37012,6081228637682.545
1410,36876684535015.16,195155843986.66992,5145079981447.354
1411,26382375813823.77,268284090048.67944,4545002315949.226
1412,48110112790923.83,229773483676.43042,2670044205762.7095
1413,45799146194827.28,155875602843.93823,5346385519613.331
1414,61666229768071.18,125690256425.21606,5594286760351.532
1415,47780839429980.36,184211193560.7495,3856663095019.204
1416,22619270842155.73,283669034564.2727,4699068709716.998
1417,38976849304012.43,160956235948.68213,7045428519149.393
1418,67149024054919.49,151497845676.98755,3399496969450.6157
1419,47862576522634.39,182560585886.8645,3864184496863.8853
1420,68564340210296.055,111615977107.13281,6169307649637.452
1421,52361186922555.41,155937559229.65747,4516061730593.637
1422,48793845711668.625,192123651793.68286,3569946262424.7627
1423,43005947413397.42,192009363845.01562,4179807452648.74
1424,31775340259333.938,225684078039.8662,4989545985752.52
1425,27931612532556.336,193818512016.1936,8019738272148.55
1426,34276540734481.227,240582348053.3557,3705838098875.2974
1427,25721222127894.465,236271394440.20166,5749365835037.656
1428,45637457940012.8,171681532982.45142,4449734376538.894
1429,23795259564579.816,269597555121.3274,4912370495347.907
1430,27273050724850.688,263578235895.14185,4528725497754.339
1431,21925158607305.707,262885479036.4104,5835885926129.842
1432,34232087126038.336,212381595187.60303,4914792718741.75
1433,53114383070550.805,152938179676.32983,4560385855996.374
1434,65387515878548.945,125897834222.9729,4850877912612.921
1435,38588247905295.79,184747851832.93994,5274652556117.499
1436,55199627657817.164,149886007891.5525,4390227744785.8325
1437,63799653588089.89,136629307178.72095,3891232970444.909
1438,27801734221165.527,209504363849.3933,6828807938219.179
1439,61942608865804.26,136618155026.22754,4803324560550.676
1440,25995581766144.13,289708551304.33203,3721223602135.5874
1441,56724623544883.2,132936995841.87622,5429543323836.273
1442,26771226115182.49,271508927026.8689,3881264694073.666
1443,56319527694411.61,164096057082.42554,3642668222592.6587
1444,30999471742773.68,229663800636.3601,5076799061374.848
1445,48027168946243.88,228104100740.55713,2676823860540.312
1446,46021088221240.516,209832756663.55518,3220834984262.717
1447,49536563961654.06,227383473420.063,2658604689345.215
1448,33155835116651.84,196712739264.4182,6001835901574.486
1449,37881046982024.73,242467662396.45044,3295128611252.787
1450,36676998620547.18,191431306775.19336,5305055969564.902
1451,45177463412980.63,146322934977.41528,6283716743924.332
1452,70470718361845.39,124820742090.16772,4761607174562.208
1453,50885135158719.164,142049121098.25122,5817268459614.278
1454,55450904019104.48,129886074657.32202,5822153403520.435
1455,25768936811688.598,228177155832.9431,6554388405043.215
1456,35627044300570.414,290069136267.208,2739505851820.2285
1457,27382030931933.715,207246870748.22388,7230806257919.314
1458,45036416002282.57,165633395922.15698,4901068016359.836
1459,68676925358596.5,119488045832.21313,5354380320250.288
1460,29866823323612.45,274424866329.8994,3542871549249.537
1461,65066581221562.766,163362083006.17847,2964051254174.1724
1462,41244356332331.21,166589470335.281,5989043614999.163
1463,34815968010657.836,237920422294.9165,3653865807231.628
1464,58516121264101.98,153227676921.53687,3921177006964.1416
1465,45178466484095.52,189144261831.1709,3936846724391.625
1466,25731032945674.965,236168043277.92896,5749365953562.105
1467,45997187253054.664,145008403208.1936,6244559839329.099
1468,57345383359103.02,138161570837.55933,4558985490297.801
1469,59054384163567.42,122380831847.09717,6140739274978.137
1470,33423465473953.234,225797439766.2727,4212418443078.872
1471,24869572174810.902,260635140222.29565,5125704715049.309
1472,26334201042716.176,239185816408.81982,5462035067077.853
1473,42121411683785.05,180967072588.3391,4715586524236.816
1474,35976661529178.94,232723241952.01147,3739975547475.5757
1475,26998986211218.824,216391875231.71484,6586068735292.374
1476,37286964799671.84,215441023508.61084,4120553804329.95
1477,27451189917000.344,219254869153.1765,6173511861432.489
1478,36386996333917.37,319537099464.45996,2520830318719.277
1479,43734660177813.25,253000287339.88525,2521392606045.2104
1480,67824249780413.16,156276924489.51367,2950638009694.111
1481,44033419399309.664,213203732835.0537,3328451383082.6987
1482,45081872582839.81,199315549794.469,3596993875706.5205
1483,25603776387478.082,229873205813.69873,6554386682615.067
1484,57460376914164.0,163379497195.23315,3662098538948.179
1485,31099120462872.76,188454772391.72437,7093078721422.456
1486,70396287376955.67,123359633681.20801,4847120160834.677
1487,24715520113725.51,263774141333.98706,5098897961702.753
1488,26112562989780.75,230887768762.969,6182416082956.657
1489,62262418619350.59,124120670404.7395,5550191855908.622
1490,22850311017518.25,245557069046.91455,6135168022604.295
1491,38262747167776.44,285541459245.75366,2587652627141.0947
1492,31835268339784.586,233590579515.76465,4596604453216.043
1493,39174779908732.4,150412426349.56372,7944321374940.685
1494,36531755726133.66,197439639570.19678,5227924679309.538
1495,27921682398811.78,255673207179.83032,4519595007489.638
1496,45253397606028.34,178388320491.05273,4363856483997.57
1497,25475545839425.37,230837921077.34204,6230971459540.851
1498,60471084065154.36,153866427243.6731,3474997518773.91
1499,30196733066597.094,233044081760.8103,4980832439882.652
1500,49177932003341.04,177462156303.7522,3958925175792.46
1501,34180550895419.16,220978950331.2478,4295002332086.72
1502,53674577562336.01,191463615397.88403,3028333288272.811
1503,34521815151517.613,219163418311.82837,4360356773295.864
1504,52585130377831.76,194734350545.74146,3085542062304.6084
1505,65055074719486.69,184674634243.77466,2654807838301.254
1506,37911123081914.62,160424587604.88013,7203287000036.365
1507,28694836124648.305,282443220461.8406,3542189037608.5024
1508,47955050732758.13,214536166583.6858,2897691424307.3823
1509,23486131009638.996,270928453275.2434,4927420290534.449
1510,59511566881585.625,163912815109.00586,3269998512286.386
1511,37469541543877.05,183040257669.89282,5671471444873.702
1512,52068841048937.38,209275877327.22046,2893644855058.6514
1513,35074819551957.164,230860178252.8828,3752491591323.6807
1514,26721872426235.996,252112201674.41382,5095301181199.241
1515,28037843191034.3,217193567040.17847,6017511482990.15
1516,41908765452640.43,196310605680.26685,4085752086755.1157
1517,29561419310697.984,304085527206.63745,3039137579937.6655
1518,47078123577254.41,155335163409.43555,5112884766344.592
1519,44719157494313.72,181472649433.552,4353744995722.045
1520,40689244356105.29,158704272100.1018,6697383722916.725
1521,57876361597682.555,156660044632.38013,3768508296012.61
1522,32456279970097.418,246689371735.33936,3888823817289.9917
1523,23540599134230.79,268125305239.85864,4993246489464.484
1524,49279434301604.984,182122993579.7671,3619487409021.2656
1525,24668800708711.594,233788861986.98022,6619043408148.068
1526,49111629267999.05,184780672016.07837,3623487854718.552
1527,52760599529943.2,194192260428.1985,3084395418572.8813
1528,55909697826059.77,156455188097.01025,4062333461079.4785
1529,36223476823770.984,207810153468.29272,4842076910081.316
1530,35018635022307.816,255052056726.84937,3219272672926.401
1531,41765990059141.33,203476236626.1372,3882879161786.698
1532,35169565204365.883,171650627614.24927,7112748886142.51
1533,55931098585183.77,149144528121.0349,4313298811384.7163
1534,38984622795337.91,192232222374.14185,4768073977027.294
1535,41775407696020.31,209690003151.87793,3690756038640.537
1536,35435382904100.99,288617406938.0625,2828503018311.8394
1537,46647942155937.875,223961840280.44214,2931720829451.276
1538,32667163686995.465,323797790670.4551,2654950332983.2075
1539,55857740541760.086,151714852637.67285,4188567396779.6978
1540,36630335249226.51,215894853186.44385,4077936727483.1123
1541,37794553493742.31,232125993276.91528,3620341507967.7734
1542,48130123405316.125,226451201720.05396,2710918299660.86
1543,40196293026763.55,211752542246.37183,3919035126079.8057
1544,22984613761963.28,283755540129.0029,4695053230453.944
1545,49398232308775.336,174154855162.45703,3995283833295.0264
1546,42732387787694.055,155199614336.48315,6409364094501.013
1547,45070945896424.44,251616499839.12573,2484240396666.4478
1548,70417965684927.78,119956495115.83374,4936430706862.227
1549,33731143378756.566,174304356661.1853,7242476594190.296
1550,39019576364885.59,182568244639.6372,5275382415707.005
1551,48824318359721.79,210214534679.885,2949414095364.2285
1552,48140168229396.44,225695221429.60425,2709057934666.0146
1553,39852715463805.266,167200162679.58423,6191854333851.368
1554,41002477543627.75,183832895905.76294,4891340695649.458
1555,72435518592734.7,121614916027.87158,4575407150913.905
1556,41228851358826.31,189096390660.4148,4491786371584.925
1557,43817757107521.06,155754079919.83813,6039785485906.758
1558,46451134328329.86,205436525901.23145,3220839616985.0728
1559,63800118783148.39,136592507084.66577,3892752162473.3584
1560,24727504942331.74,248126662543.08716,5547762820212.624
1561,22589033567475.71,275026209687.6992,5360953683973.162
1562,29513821704275.402,279620375750.4104,3467994252282.568
1563,23436205670311.438,235279070217.07983,7122301229825.796
1564,26343216480251.934,238398862351.021,5482864909137.148
1565,44947127726919.586,246035156024.69507,2509596643090.1714
1566,42107127745757.12,184147183502.14648,4633663041704.253
1567,23621381118112.91,277976992813.46655,4836255851264.707
1568,22473905338224.33,281512015957.1145,4843262813282.944
1569,45567374098227.84,158329425275.05078,5317778151759.154
1570,36264690387059.305,334207172858.15796,2502807734671.469
1571,42197679748072.914,164526967007.63623,5678419955732.279
1572,66920195686781.14,132858533398.40112,3905994008932.502
1573,72700294234089.83,116598759647.27783,4915449845113.731
1574,24622292527687.242,263218148398.98853,5110927954024.803
1575,60319523885715.414,157710683547.38892,3467543433068.753
1576,33964889312517.305,167335869026.3291,7655222548402.298
1577,27573430430248.055,244825305823.72607,5119555179225.041
1578,38357153311040.65,272067432401.3457,2612624886039.8423
1579,34882663664733.332,197837159601.44702,5635790683556.15
1580,23030000371982.82,245936308504.04224,6042937883379.531
1581,56640251659801.34,160700524156.7268,3862784663924.395
1582,41843070216855.97,159757123323.00586,6278305408619.933
1583,47572164333283.27,156632561497.78052,4917248826527.412
1584,24655378368175.71,260673711059.6482,5129277755847.758
1585,46204233228639.836,184109757112.1875,4022354423873.89
1586,41934471634589.58,217257395301.19043,3457148242624.37
1587,52293984652942.71,188549441012.37598,3182538610458.613
1588,41172298210026.12,151368278841.93164,7089309790068.313
1589,60330491929688.305,126223049159.13501,5738207495710.702
1590,30448205475318.824,251916191092.96313,3827556289090.0977
1591,25839901647351.023,223861383543.35254,6541915489429.373
1592,24216279356609.664,245666297430.5852,5679031336295.209
1593,24536944949371.582,225092664257.09546,6831335246119.564
1594,24238783555140.5,285655740202.25903,4175588683688.34
1595,31078544347364.477,181137774014.58862,8315183679683.213
1596,25217590413024.562,239604372224.80103,5825438143012.26
1597,28016730390817.176,208840779741.2339,6813898535349.624
1598,55099420997235.69,185852934943.83057,3043747706281.4097
1599,61208108699651.19,132621223584.98486,4995987204693.663
1600,41134558049532.125,204374215221.09424,3976666312053.3003
1601,49836305943443.05,199588950864.74365,3078114753426.169
1602,50379830880447.52,180816791265.45947,3686545869579.621
1603,45225046346855.0,135111601000.62476,7457789420132.107
1604,54497137702278.03,147547676273.65698,4533979728178.03
1605,27086220594046.36,224546522041.5056,6003533389625.235
1606,44986103209580.69,199788274802.25073,3635896525689.018
1607,45440212880642.13,187973721639.16333,4009960032924.932
1608,75311604477413.8,111504590464.85767,4678346889279.502
1609,53669725019161.49,178536238336.49487,3392919721460.032
1610,25758408048226.633,318029611368.78076,3194024136727.984
1611,27850565043842.125,217165198272.08032,6165624604580.776
1612,38608937719693.7,229171843905.26636,3549878015569.264
1613,27306654036778.094,234604451198.31445,5542852194092.614
1614,56466085896466.44,161331449717.47827,3874881845410.2065
1615,27636700528671.91,225167349456.02148,5894122921687.179
1616,48369086556243.67,204990247137.38037,3083702267715.872
1617,61746424514750.25,163487344901.50635,3268179054010.731
1618,43943725459068.664,194341093167.66235,3951811996646.601
1619,44941928057951.625,159123311546.95288,5370279229522.602
1620,26182564893583.855,245320789894.9082,5335720717471.475
1621,46075433102519.68,153965466926.38892,5466418421053.389
1622,51398309256647.93,225611057889.78784,2555802067413.238
1623,64234828670742.07,127811369429.10718,4871596925233.476
1624,48126241387945.234,206172924328.60132,3034041709144.0146
1625,49509753845499.0,174023162795.10107,3930628202619.0566
1626,37510720160351.12,178380895275.59253,5886018659810.761
1627,38580759872231.28,203573500752.38013,4445837833918.6045
1628,24978704515350.523,221920530257.75977,7189838947078.087
1629,41885876334399.7,197120783426.2102,4030165531912.9272
1630,39490014327108.86,174024026485.14355,5770582859716.016
1631,21735844579699.215,294521135502.67676,4597299735570.563
1632,38570446552586.57,181265121334.2473,5566497174862.407
1633,20191667868238.223,385733805898.2903,4382599455472.813
1634,26338475203962.562,238705494959.70142,5471463695552.542
1635,33529388305616.105,167517758483.38452,7758613188316.41
1636,23837497001390.484,250023300437.08984,5647877551109.742
1637,29647562906322.48,300262038766.156,3085318350346.8706
1638,25047355225772.793,257825096473.9248,5174931855727.217
1639,27772552879334.625,207631349553.55933,7206779130117.428
1640,30695855005007.72,233711038072.56934,4805854971428.087
1641,59323964011457.82,130977877393.54688,5492341209630.028
1642,69617783696316.945,126427498270.48022,4686056261037.682
1643,24396328531366.65,248302343869.6128,5598355965773.569
1644,65060252040844.81,126232125523.10132,4892673804690.165
1645,39054306944178.805,241759253525.93042,3065417189000.854
1646,46636575728677.98,144415053225.0879,6043076972425.041
1647,33984351519660.934,315178447583.6096,2732229034625.6235
1648,38621236751270.65,172715274525.40503,6268159016324.093
1649,40562417201978.03,210203685447.55273,3907695635271.9673
1650,36633458341391.33,221858707010.9353,4020791744840.7676
1651,32131104049331.164,230526567986.90503,4268273019337.8887
1652,55602496592668.39,142495320320.78003,4799171447415.358
1653,55459177077816.54,174748985067.96558,3327331378072.713
1654,24218426494640.01,243202496199.49878,5689717641446.953
1655,35885453641078.57,185857372654.6101,6054644479416.032
1656,27834757623682.977,278410984122.2207,3732364162424.2646
1657,45174953405709.36,233535235885.18823,2857232242106.1055
1658,55466037682427.11,125045172157.25366,6614123891446.378
1659,46122294610772.53,144001217417.46143,6235481037964.327
1660,24625658127763.254,262072718378.604,5164807149359.532
1661,29399141520593.055,281086131777.31226,3413730999326.2246
1662,22699233320314.062,275880964255.28174,5323786968435.486
1663,57349965118644.42,137765727418.55566,4571242664833.476
1664,62703840820016.49,136700640911.04272,3965730062430.248
1665,30434610488916.492,242751206312.81494,4578652648437.067
1666,51138891292337.19,131160458687.52441,7992651880766.299
1667,65118009515518.79,126328722528.10352,4872314459466.651
1668,24911421390748.25,248544549649.6211,5541888009441.819
1669,24651433666717.71,245505380187.4131,5662527154493.92
1670,47821345728632.53,185177352341.6748,3733981937421.0117
1671,25754504597553.67,321580834656.8635,3149434368766.4136
1672,47415692176790.79,157011766265.3413,4928708486818.891
1673,25173025241902.805,280016245840.3474,3971786571979.631
1674,26037383595023.13,217488289612.26904,6879597417129.802
1675,28120164700223.273,217136457317.8352,6148308642871.645
1676,33131934843775.438,191827249042.7566,6182944078217.3125
1677,55560410383369.67,160537296827.72046,3931724212337.219
1678,36822815935790.336,183157750738.31958,5841371095313.056
1679,27563891015769.03,255470827769.73877,4599263687400.766
1680,25450242393829.32,321571467253.2114,3234855759360.814
1681,31097966231406.105,229771126736.53662,4988200341167.594
1682,24565368586381.78,313242881466.5005,3564154233377.5312
1683,28828040648597.285,208117837458.71362,6395363214788.45
1684,36979149707471.56,237982337714.52905,3487319136465.139
1685,62443746282404.47,125290118266.80933,5476205596915.84
1686,28256036633031.38,302383730143.8176,3125888176546.9854
1687,48315860937327.95,238172097153.9497,2436147938743.11
1688,33474939959854.22,245035841257.81738,3705371367207.273
1689,37480386265139.7,187394270986.64746,5370496439388.417
1690,53561575259149.34,158411775301.84106,4147812168520.265
1691,27208922532411.023,315107265423.876,3036644862459.849
1692,32651451700550.754,170623911941.76196,7773370537748.434
1693,60960244042960.18,160842665312.31177,3433880576855.8335
1694,27548871137209.3,208510292947.84985,7178833510505.603
1695,55931904767621.266,154463300302.99292,4051711651529.9536
1696,27327955361239.13,284622544048.97485,3734456789124.905
1697,45796914593062.26,144600085636.51245,6299333338280.6045
1698,61716756397467.77,125762468702.61743,5591310160619.322
1699,30821652697554.8,251512212719.80664,4013059470072.0806
1700,38294456284079.4,200910969169.3291,4494593072836.16
1701,58716267345597.84,158784361768.54688,3657420847495.193
1702,52836878890329.88,161043278732.17163,4175912890042.093
1703,44723925414139.12,208227861299.93994,3443095447872.325
1704,35455810849053.79,213590536525.14746,4480888524864.035
1705,57059572267161.07,219331838368.6277,2362494968548.8057
1706,47408710883318.33,232027420433.84058,2667808867264.4326
1707,25166630902482.68,242455834406.09253,5680409448217.96
1708,42509649771414.64,169404640558.58228,5273021820422.629
1709,56624157532488.89,160872937804.79907,3877672766837.6855
1710,58054404579145.586,154366461077.4182,3845152687701.646
1711,54802997512801.51,220021256066.32446,2482856682508.668
1712,32862497247947.977,249889773554.71484,3718602475116.5435
1713,47769742854849.38,185488731309.17505,3679868547067.7256
1714,37727635452379.17,215084379783.2356,4074031404139.859
1715,54013354575317.77,152715548974.3794,4352229363554.4873
1716,60591782774261.66,123900020660.48486,5778841981195.552
1717,25941455810079.598,258012021909.93652,5010537103190.359
1718,52549293099489.84,151217130347.03442,4610920763012.092
1719,42910077266954.29,202995603717.29077,3737184434362.3203
1720,37293293831683.77,204646867575.69263,4619485440193.568
1721,27166171472383.56,251386354229.0752,5031965540777.597
1722,21147415250306.324,294781972161.74976,4568714550824.052
1723,50621828361959.43,172036512452.4458,3896084960794.8477
1724,65615916148509.36,124378910670.7041,5126453066104.481
1725,61148979571591.59,142745398788.21313,3971789910310.0693
1726,32104575259895.98,233473103520.85474,4213975164753.5923
1727,45419239800946.58,149347656101.5193,6109220743079.696
1728,40941792093192.35,305654887477.66943,2423741863488.0195
1729,72877262339035.05,116725162043.5437,4889178425016.41
1730,33422469335021.043,175698877082.88794,7102625390284.538
1731,50736607406011.93,164159248137.79785,4448541453361.849
1732,47889566419094.91,182278168853.37622,3864184776913.844
1733,22369061265294.137,287156732128.8274,4734252188398.1
1734,58030885665454.05,178032733731.95288,2820275141656.413
1735,55466192360465.164,124762878504.98755,6616783678011.962
1736,36082919153689.25,195959034512.55518,5367418269745.056
1737,52365518620795.35,155498983193.6643,4526915350393.4
1738,39336460163082.24,216926355716.22437,3778942536273.0312
1739,30996856839634.555,275891158762.25073,3429759591309.7466
1740,23944410279857.758,252507818756.77612,5594524622605.67
1741,33248062408908.137,173985540425.6128,7556267049429.279
1742,32406364476261.484,212144699661.04858,5397530482928.795
1743,43718007221255.21,294594071524.375,2427396627745.724
1744,33273192520446.516,172095756487.48267,7610430620146.482
1745,43901870997942.65,139158137591.46655,8822082320714.732
1746,73051575876824.25,127776767158.18701,4130704358085.2095
1747,35070772590339.14,231202867445.9602,3742683935969.922
1748,44449030190338.37,285227916941.2158,2452751630220.0435
1749,36419861022141.484,213595579121.9751,4131648059395.733
1750,49634263046123.49,224754276993.5598,2634653280554.485
1751,21351061565084.707,288385325955.7202,4839825560803.761
1752,43218349101218.664,164074799756.23804,5539558360075.233
1753,48254501535321.37,171111149994.7041,4242032797263.199
1754,42414349941464.99,155883106825.29614,6432310173220.207
1755,36011675376741.95,232851974222.73145,3729488552601.617
1756,27325066723816.992,234899748679.56714,5537106163342.491
1757,43697788097259.586,207222752104.76416,3515433407944.217
1758,57354937440904.53,207390870575.30005,2594130856931.9087
1759,31984030356893.992,229405851952.95703,4934442279405.065
1760,46481267184926.64,228934433760.4817,2729640556551.479
1761,47198920839578.445,224253804577.16968,2842080129191.051
1762,40356464642234.195,164332826260.0105,6261552201797.462
1763,27786460973241.44,239661314270.5161,5298074548890.624
1764,45942771345017.36,187714738113.88013,3942875837502.6914
1765,29223228099544.965,242493164436.8308,4835809711289.964
1766,47112144599457.79,187642402970.94458,3751681208293.377
1767,34597022626846.78,315856373303.051,2639532061212.329
1768,48727677065532.484,221679700411.25952,2766947630499.223
1769,31653357523639.68,317042217199.9524,2787501040436.2188
1770,29502585769065.707,187995972342.0735,8483107271305.613
1771,35417318706442.83,204546489510.9939,4961433765641.081
1772,25800723573039.086,242299423684.12646,5473112100363.805
1773,59032325548902.71,172265857024.6963,2782631172246.5054
1774,57583863855962.53,155194163655.03296,3896920237796.82
1775,29912544255498.426,242133422923.20166,4634999794313.333
1776,32398810486503.395,242112517154.1792,4006263469871.322
1777,26696099592651.062,310596881803.7456,3150591577087.4556
1778,34996739850091.414,218769111374.78076,4221205482811.6846
1779,34557689896537.668,220796181318.63965,4235471616946.8257
1780,32012976428056.984,214032776679.6211,5424849333275.12
1781,28329972190774.598,197093955156.7339,7602431164115.826
1782,44535367877094.68,150613117271.51147,6237505081965.094
1783,60488810000317.77,130097182290.15405,5211377539381.577
1784,40690271674909.85,189628068313.7124,4508935479106.281
1785,25462091902563.484,284773337456.05444,3930508850867.1426
1786,54685586327143.586,215033605172.5652,2561080773152.537
1787,31891338292861.633,225312497394.58252,5014241133948.059
1788,49487671319295.16,210144156799.39624,2937760878918.53
1789,44485402113793.42,196826429173.89087,3807553218941.826
1790,24076636134686.223,231993187316.94434,6824633225018.637
1791,44832783761057.555,199613156166.04443,3671318758143.294
1792,40820715676400.26,310792760915.958,2417276319577.9
1793,49446512861775.82,221469223128.08325,2703334029931.6265
1794,31396979574360.547,231365089809.3235,4949624266008.961
1795,24054342033509.875,252035220237.67188,5557010224123.305
1796,36534768519133.77,185802901125.31958,5829915565321.464
1797,38017281610173.3,182734391327.12036,5465585578750.095
1798,34191730444507.168,311517097115.33276,2679373070989.4995
1799,56698848651050.94,131114596890.3562,5742138789761.786
1800,31054306421848.676,249373025438.6814,3869897382479.937
1801,63135300119965.27,146231565972.48828,3672773694604.731
1802,29614594873225.97,278900933308.2053,3516092380245.508
1803,52584427455203.99,157824421405.39868,4329357295469.8354
1804,33874432156778.844,218541656916.1726,4844494783600.255
1805,70557217056145.47,123076422132.30908,4781174602484.41
1806,42677815340311.64,204835037509.0691,3722300511431.5815
1807,48702147244932.94,182780990054.4087,3732111443944.7656
1808,52306298867761.83,183916800986.14526,3416474437236.7764
1809,39491053509397.74,182304397358.97754,5172234404942.514
1810,68600582070099.195,119876418420.29224,5374981493458.807
1811,25270205559199.703,322072230481.17993,3138398778550.463
1812,30202642845657.875,274133279902.91968,3575671249368.948
1813,47631670983223.84,223179835337.29272,2838192156384.2817
1814,57138494388395.03,138764967913.48877,4590467978398.481
1815,27284116029403.066,215171309046.4414,6693652818718.755
1816,59703826271721.484,129686033415.32422,5429688897734.335
1817,57581819580847.086,132973556747.28589,5256209020821.334
1818,53659026000873.14,150508435380.81177,4592958175939.214
1819,57436641090733.84,141641288875.47144,4432530834312.557
1820,40467334550207.555,179464718726.41235,5161984204726.23
1821,68696148575716.36,158123179581.8191,2905550301922.0864
1822,26184155808388.867,241850387957.33667,5431063818556.725
1823,42070844598890.04,221526451572.79004,3417671201096.869
1824,41457875550540.18,216585470346.8186,3609514288357.13
1825,35330751379067.86,268526469449.33813,3022955158416.3823
1826,46741928698835.125,149504173968.36182,5854781787756.622
1827,56729925728923.28,121774655054.9668,7074792087638.461
1828,52721832504590.06,228542192254.51294,2479592613891.6416
1829,29708736719695.066,227952503828.64014,5399054811776.637
1830,22249923669676.023,288968881126.7759,4661374989200.001
1831,38770653056260.74,150501550297.3943,7869471797386.855
1832,36974985937083.445,246737661137.39478,3221982056643.1094
1833,40885751544935.42,209658316573.8152,3784918470782.7207
1834,43191934859948.34,287550570159.8257,2452802452388.5386
1835,36381631388862.914,213988847144.55542,4131647625736.3843
1836,36525800151113.195,186591874815.12427,5812227506561.524
1837,28797977758639.293,240558662714.7478,5012844701054.088
1838,27676346636056.715,211730110682.52588,6732244478085.142
1839,62557532930089.06,127540021662.97534,5415350345509.35
1840,51143486133975.336,131117403469.72803,7992651946798.098
1841,56032093615302.91,226476843763.65015,2422031509665.6494
1842,33223997059801.523,188949675667.83545,6403467768157.3545
1843,32367351155408.254,190697528198.9546,6491572269614.926
1844,23285700700325.805,244986701799.6067,6027515464782.7705
1845,53402116575684.75,138199851675.03833,5794039049663.793
1846,32129180926452.72,207929932249.60327,5709517765313.315
1847,22115583284488.617,281322130440.18823,4967846508315.672
1848,58020249349583.25,162388851814.1311,3503536994332.3413
1849,21657792644849.652,297346902518.9248,4431294659168.825
1850,50486282963503.414,191738971033.88647,3379950585472.5176
1851,21462748707295.28,288429534410.69995,4812097095775.612
1852,30085957276634.637,188663780495.49097,7443900530945.99
1853,59167279606109.31,128127929614.3982,5877719467517.019
1854,27653090327016.77,210358456031.27026,6786051018448.082
1855,29786856649358.56,231667605419.2256,5164289839175.589
1856,32382603920061.215,211945766748.20532,5414328455864.761
1857,53203208956249.3,164811932770.07788,3972466569209.1826
1858,46543968405051.48,169565553438.2024,4453373699487.98
1859,38587980646073.83,173054611014.78516,6268158674711.4375
1860,31978956378140.42,240218247399.27295,4238076263576.8584
1861,44352850773604.12,204458878035.86084,3497133374805.815
1862,24276414627367.19,226404425702.98535,7099991354519.641
1863,27939529318075.152,313560987321.81177,3065160197556.838
1864,47737216905786.76,182196710449.52417,3938558069802.1987
1865,33599710704420.07,243769616261.0371,3705372845430.754
1866,32654564501318.625,325003483455.5305,2627095614016.616
1867,53609743586446.664,142860182040.146,5358468033931.698
1868,64339483726573.53,126441064768.1394,5204773871204.755
1869,56662664556034.34,166428290191.5337,3570122101770.8804
1870,26496184509594.094,251901447325.10474,5158316855444.822
1871,37942427729177.1,204833575223.15454,4312032898279.792
1872,37441995050455.625,173702876462.37085,6408241085624.64
1873,28675925667138.86,306661245517.1763,2974292754486.639
1874,25223869058821.51,257662495549.53052,5160595568679.15
1875,46744035772000.305,180133434368.19092,4135877064499.696
1876,62531668167675.445,121070130641.71558,5858152249169.948
1877,57514333107768.97,157561229716.59937,3796580855048.3657
1878,41866059891517.23,180721898514.5359,4766268661653.864
1879,44898583296930.33,173255219810.3938,4606764077859.516
1880,22566210260359.996,247874885411.05493,6064373252842.287
1881,49963722962243.93,141770143125.46313,5912148995360.548
1882,25058556124329.59,270300265760.31226,4778698144421.706
1883,30516349003513.633,240333816063.1753,4638220018630.066
1884,55254889768502.766,222491265500.615,2464325889102.594
1885,43890880626882.29,175057792055.27637,4726352739478.213
1886,38208214415946.516,186160893351.38354,5345488740147.081
1887,39077165141881.34,169434135398.1787,6323178577321.398
1888,48245975932784.78,205887864105.54028,3100025552598.1973
1889,35942671642509.32,199206906520.969,5244151946444.772
1890,54643798200726.88,176485427182.8816,3343546990548.043
1891,40404607639995.68,180617724781.87842,5138405812274.286
1892,69161399112432.85,139563633639.1106,3754816324497.3535
1893,27734235271280.566,269053659490.18457,3797597095293.1255
1894,23732298778752.027,277288887662.45776,4708170661598.76
1895,34482281091791.934,206307920980.3064,4953718411824.836
1896,41696302142112.664,234351912831.53882,2972562194407.005
1897,25861173496006.61,255920091816.1211,5151507217266.648
1898,56304289159164.83,143532368363.7234,4429725351081.664
1899,27824952215552.523,302409879585.4065,3215683557639.5557
1900,37105613563875.45,173577296898.40747,6460151282667.889
1901,53277159398049.15,168712376067.28223,3763418554740.2363
1902,32777784404605.062,206352595385.98877,5516360480597.347
1903,45189804160367.95,242292633502.35913,2585145638004.908
1904,53797847357571.72,175954570866.69214,3525864933846.437
1905,19609381766149.848,315896770731.844,5114551286014.869
1906,31773222382732.24,216188575775.82642,5363503843109.024
1907,72050707694532.19,120402659496.71558,4634320478237.481
1908,41250786793859.47,151346111347.9131,7097145730214.711
1909,42509050446177.72,170128618117.63525,5250468642221.552
1910,48801611190108.08,203077633803.9651,3084719178421.302
1911,33929885211975.7,221642004605.7644,4386347553545.473
1912,34113518647718.273,238884949300.2444,3789938070474.8145
1913,55459606140663.48,149922835666.14648,4309097553679.3647
1914,33212985780345.008,325611648158.2224,2616684577959.6514
1915,53420594642309.38,131702805917.52905,6175931564418.6045
1916,39087729715354.266,192307607831.16284,4645495979601.5
1917,72540757111821.84,117171028152.729,4913745476944.449
1918,41684466134758.2,196904366259.9702,4066387875220.53
1919,40523632229901.52,177237455408.29736,5190034393686.652
1920,26902600049804.65,306593590098.38306,3160493094336.484
1921,39115688204656.89,168490647578.7766,6321934736968.499
1922,45449525382227.484,145060572462.2461,6231537146889.494
1923,35171097587478.45,203610303658.05005,5197555363581.447
1924,27531264382056.535,283957522749.4707,3692692585638.6377
1925,52429347366068.52,144425326547.42334,5397065886178.949
1926,72888338607466.1,110925067114.31104,5915727984486.714
1927,22957555524258.383,249149790553.43286,5905982862212.773
1928,31726535262633.293,197927746123.0337,6084333326028.975
1929,27307106679983.87,212454198644.42505,6746504337071.579
1930,53349007705237.414,155625355733.68945,4305678181222.504
1931,72072119321399.55,123985776234.97095,4527857201401.882
1932,42011631252053.66,163573814695.04565,5878290594837.3545
1933,37648406165703.51,245567714015.73438,3190753506665.2188
1934,25401510043391.613,255778824042.08423,5269105676772.33
1935,37393483639288.27,206380164461.2683,4201805705610.9565
1936,26579320878465.598,268679008659.51782,4159607699701.636
1937,47236437124228.72,153644125871.73022,5096826714057.903
1938,21464780528074.797,284602752824.8567,5326641824137.446
1939,65376811927870.09,122121728479.69507,5294003408272.064
1940,66780445594570.336,127488268216.25708,4585448774107.387
1941,40235195510957.484,200348294145.78906,4269218507125.008
1942,31218142588221.477,225095585849.57935,5061049962210.7705
1943,49184685849017.3,190251058766.02466,3552330877449.4795
1944,22135794524048.3,281918329123.1743,4831473742220.718
1945,59865219656861.7,128531830941.5315,5499797179837.692
1946,27056792835474.047,264554751721.89233,4551658746858.3125
1947,30549465726559.562,301977496226.4104,2990569478802.8477
1948,24330102465144.652,289461322464.2063,3979770383593.3667
1949,31096236709869.625,188484670553.8606,7093078694330.5
1950,27337048340491.43,258722587873.93555,4683289710223.122
1951,47113634960504.21,144392041199.5686,6032764342420.928
1952,66430052019175.99,174141035429.72388,2765153289503.796
1953,36534917351421.625,185700905006.48706,5833801267344.958
1954,23270453391033.26,291606133709.2173,4398720705628.51
1955,35179898554057.355,223732787787.70312,4135109275805.01
1956,24061192995343.254,290737397576.1399,4036209013611.3413
1957,55322241546089.83,142899804156.38013,4628733231801.569
1958,42002900675563.914,153339896515.67798,6811937378772.666
1959,44914171814427.99,250503491422.43433,2504766366637.0835
1960,72503531643656.78,145552376312.38403,3533763591010.4146
1961,47753913621539.484,199017552820.31616,3307426609895.2515
1962,57896550172886.13,163004487922.65015,3640209983372.241
1963,43869623075877.18,201445923674.5437,3776858467767.7383
1964,55561180516343.625,124073091962.25024,6614125118662.445
1965,61024820706843.92,159077048022.94263,3441780495415.287
1966,41699495779319.61,211735022711.13257,3635999309914.269
1967,68827219920977.71,143074468914.7151,3754813353122.436
1968,38630432327809.22,218842863683.38354,3886909626678.2812
1969,53032420351021.78,148183042847.0974,4630208641528.627
1970,28437512331613.152,252594625066.4724,4497736823972.763
1971,56833594718020.66,158937397117.52075,3874997248307.5933
1972,57223603523269.91,193642350367.99536,2891458123553.563
1973,54375284229909.19,165332716132.54126,3864554941960.4316
1974,23349053383727.707,259059749469.80444,5478831057950.146
1975,72897660638408.36,110007591901.06714,5936778457851.308
1976,37361063189368.63,218804293093.469,3967520277588.171
1977,25195670524242.22,240084828168.3418,5780301435823.708
1978,29624405870146.008,257076147076.3694,3856224959387.1772
1979,39963150308588.164,181782230763.1223,5138053320561.028
1980,41170945890867.74,179676127467.5166,4895723267000.919
1981,48960611001956.63,178222263525.27686,3840348262947.35
1982,35977830380493.3,185326090016.3474,6064528846986.556
1983,52367402847364.77,154440170341.1416,4517597294800.836
1984,26056791522760.86,284193454877.1272,3828915477669.1484
1985,52488278877201.93,159550733893.51782,4274161255776.5845
1986,59333826950447.78,148232789192.22437,3954603102698.8765
1987,46300687742285.13,169103433278.3672,4559253418252.089
1988,58912531363244.945,195178473518.41187,2724617587204.4775
1989,39371181485200.09,220841756697.13452,3697019941883.2324
1990,35676924658235.78,211979157627.5476,4557151943934.88
1991,35105851748581.305,191345769846.45508,5847059945129.581
1992,58765451767021.02,136850049794.86938,4533017859621.467
1993,33586175538943.785,319992437899.0698,2616053989024.446
1994,33132992670785.727,217742834011.54956,5000935352403.381
1995,41434588883327.18,195978822702.07788,4106869327627.592
1996,26992873499065.46,263167611016.7046,4591770775521.723
1997,31367457686347.47,233239386155.00317,4820806101821.205
1998,47716779281191.59,165150164117.31958,4424298654328.665
1999,33398890450496.402,215656389089.9336,5078133139104.526
2000,56055609173849.45,147194871382.61963,4316060828598.6177
2001,61662256989185.086,131233977643.99829,4861453535634.834
2002,28441498960814.773,229904004587.56226,5588259248573.121
2003,35552512041922.6,199756879101.69775,5261437333633.637
2004,26469389698512.164,263329839685.7168,4565028276653.449
2005,46529941540308.86,182796690330.92212,4145810259361.0576
2006,34073064365310.32,220360355682.09448,4302687746851.742
2007,43999640306244.61,204463011697.45752,3514029989093.275
2008,39319799114768.01,166224334390.823,6355482699751.489
2009,24153614063865.137,284215852403.9585,4275599116250.2646
2010,70499243889658.6,123095142618.27612,4762347401664.154
2011,49529049416612.58,188786639625.90698,3452508126236.7354
2012,32273286411366.664,226885451623.61523,4649067938328.077
2013,40484266706633.44,181444406613.3872,4965838470413.767
2014,25613577473553.383,305444152087.5718,3225807867650.7666
2015,46499604731459.47,189543389661.79053,3800403998349.892
2016,38699159606179.555,170301813317.511,6327227289426.922
2017,25940505370522.87,211632597461.10522,6955103243450.939
2018,44779534254087.695,232487441410.62378,2888830600336.5044
2019,25676591769930.02,301905549858.2344,3498340412256.7803
2020,47987473011154.1,235517193892.20508,2481221684260.6064
2021,56481754066146.3,142454614429.22192,4527156009136.087
2022,37433562443973.484,236840301941.70923,3443134843518.042
2023,53064578242684.11,153101214002.55737,4410667104102.87
2024,31524524305688.875,225834035935.9934,5027766556017.407
2025,57643728365483.766,140286058896.15796,4497820483246.782
2026,58763436405568.75,163744005370.34424,3295645784867.3677
2027,39039946805476.77,216783710580.85474,3799964691228.093
2028,63317205069477.516,128702952989.79614,4917809605939.896
2029,48987651246767.32,185556399293.96973,3633344247790.3423
2030,47871684297190.74,144254462898.28564,5478603169690.814
2031,47033174463876.1,147809659098.427,5490465519969.501
2032,44551807218284.32,185671418474.37793,4269909144469.3486
2033,44620534275417.44,197655417853.29663,3747043411601.0146
2034,53290129216195.87,150805154613.17896,4549376938391.736
2035,29950987973545.62,228496198713.42798,5322111227488.372
2036,71321529523859.1,124207092306.47925,4573866397168.299
2037,40539693552938.62,187580215749.10693,4708975092063.507
2038,33293696085491.703,186143353113.28223,6488657647888.377
2039,38191173718806.984,258187612243.13696,2787382234434.8545
2040,33365842775390.047,192601954795.78027,6118045365111.732
2041,44415725531495.96,137125356879.79932,7709167349129.058
2042,27002702853180.293,214543165404.79688,6831041044962.138
2043,42457215990676.555,205826700656.1548,3669430902561.5796
2044,39588523862269.82,189713483420.8894,4721883416878.191
2045,52738068992474.555,141434044994.71655,5565385218300.487
2046,26855321791775.504,193039095946.70752,8380360090541.039
2047,32409094301247.02,211897535662.7671,5403241034932.46
2048,27197194183610.184,222400046805.6936,6164867424663.146
2049,57620670500360.93,138385608714.21802,4516772451380.913
2050,57935672484177.85,143436723643.3828,4313309649668.375
2051,34193450812526.027,209572389643.8308,4953717113285.837
2052,25491385992008.05,287600136721.83057,3861904356198.774
2053,65068345290893.07,183377780158.47827,2686209597974.794
2054,46026352993303.58,147325127137.61475,6079127609224.103
2055,45071714373363.88,251552059704.5852,2485728440733.6035
2056,36354145390627.88,210823333171.57056,4532737417313.932
2057,45644337161583.92,301269018223.604,2360520171300.1353
2058,26995309618725.74,217168049112.26465,6575806431667.384
2059,43905119804227.0,138826587082.115,8829477319249.752
2060,25157619116660.383,225971482284.37866,6797415814540.27
2061,48433571526820.82,229966724489.95068,2597316225848.833
2062,39932797526977.43,182095605767.87866,5138053026169.743
2063,23328844299548.92,244107913378.12695,6144796675115.285
2064,35575136136012.586,220781545391.04346,4143322693672.1216
2065,24185966020837.297,237329591744.2522,6558961171395.403
2066,27329459422420.914,283393867517.2444,3741246054186.4243
2067,37454369324126.78,186824526547.239,5502211125349.233
2068,25509711596064.305,221983443101.22607,7082675580050.7705
2069,24026079147573.33,318667805270.4746,3504091891078.973
2070,30335809975064.047,235860284047.48608,4955762670282.6455
2071,65758322599874.53,127158053577.50049,4788481519206.194
2072,54929661616783.56,127421869097.91992,6451987201100.836
2073,33517097259480.46,233841762669.21484,4180025839361.5923
2074,38062126116623.17,175515804487.71655,6121498394552.864
2075,29362447362962.594,300996131358.1826,3067316445796.7617
2076,72031618198894.67,117247595391.04907,4911480377184.006
2077,57507025348638.53,163266131314.70898,3683907603138.632
2078,32076543904543.15,224701698626.5481,5001717514058.332
2079,44420623928561.93,152172620656.60693,6163330248929.996
2080,38006980605214.555,213132097659.71362,4078192498397.836
2081,37369524134763.49,219642598137.80347,3746959563598.7876
2082,57340021604896.08,139274871152.99243,4514288576852.06
2083,44350660028113.34,192560191087.74927,3918552857014.8022
2084,24966343658619.055,267934257120.2505,4847345822753.218
2085,33403503678777.105,322477422942.7246,2664849788906.352
2086,53167691674868.78,152156121078.1316,4533114838515.749
2087,46153160211147.37,144792877457.8401,6119691664678.897
2088,60493399934644.08,141584225157.88843,4260216614505.747
2089,47181093461977.85,174434635463.406,4158101939476.817
2090,43089757910864.69,235053895129.3994,2918347584274.301
2091,33315269097649.383,223328155656.97827,4351451589702.8994
2092,72182163722544.34,145964149125.05176,3546976199921.848
2093,34360234883211.77,236739758902.81787,3719625954766.58
2094,30511736716009.99,304503014263.09033,2963074112231.3306
2095,24076836106342.88,255653976988.89575,5431715285440.667
2096,54836320730622.3,142938282832.87915,5098212439799.392
2097,27161809927336.402,311304807961.4221,3131962771243.09
2098,26740002659260.473,328441528282.61694,2891196714161.411
2099,40331218456164.75,240904591814.99536,2988022009511.8413
2100,37658329447323.586,173313040395.90063,6499575180660.558
2101,33337316644209.496,199627913574.58618,5575076425554.387
2102,58567106053770.2,147803535620.27563,4130561570871.7744
2103,41862717094263.414,202144344922.18823,3881692235804.4526
2104,28016018594360.164,205498449785.7102,7049149407231.905
2105,38139941060784.85,154008934371.94653,8456519467648.215
2106,43829207427542.55,183426390249.48682,4447654806661.384
2107,39334188260778.67,228162716371.7317,3472510710940.1562
2108,44812838582410.16,169299068877.56104,4690712040818.36
2109,64678248721614.74,123947572618.87964,5229970104700.556
2110,33875451305039.605,186023217450.60962,6471772718950.378
2111,44748652353787.4,160734097322.4065,5391713623978.423
2112,30968818630251.953,274321777478.02295,3503242172801.8096
2113,46553639137070.016,291224438792.11304,2334946016338.9595
2114,34761726613750.867,196218465493.1985,5653960594514.14
2115,34204083977896.297,293906832552.0725,2836081520709.7036
2116,63617061387050.21,126976053161.20874,4912064481943.138
2117,42102025430564.91,222125938384.34204,3360492406071.748
2118,26578401617992.95,220040877739.271,6601410707170.385
2119,28318066370346.723,252915768819.92725,4452857884244.4
2120,26308698868998.934,273290689323.55176,3984979649882.462
2121,38027093791433.586,185740626694.00586,5378465249272.213
2122,32052439879657.05,305684468047.7229,2785163857844.4663
2123,42149156449844.69,146394599917.8269,7213938565500.265
2124,43117859502480.4,250475718780.07275,2554635247046.368
2125,31040804661691.617,203806739231.6604,6049141101816.8125
2126,54205017994741.21,157116652535.51538,4132353890953.569
2127,41414673758635.83,168763729908.97974,5439756987404.183
2128,38248115901603.12,230521764390.0149,3554715030025.7554
2129,44475235722495.16,186324915750.78882,4084277707781.8345
2130,38724526095434.79,182418577994.08838,5350936391985.019
2131,22750921706578.35,275926296076.5925,4925099045652.956
2132,31898236534621.895,190380931378.3789,6599774782116.483
2133,45016170880942.83,274506995805.5808,2411931737125.951
2134,66835981818293.08,119937883890.81738,5132615572545.813
2135,41484844172411.516,184780439107.28247,4650837441460.643
2136,58841919109763.38,152664554190.2566,3852357351710.3623
2137,29283417651068.938,239289417374.07397,5032641563503.634
2138,27648702984413.676,325668568841.584,2833519467794.9546
2139,46245460220110.5,181471568777.88477,4197464252449.9004
2140,50885586045321.64,183440153432.22485,3443970460936.6274
2141,57444156625666.73,137650073670.89648,4569379294709.859
2142,33177463378585.188,204925132563.40454,5478138953073.326
2143,38444440356939.4,191258580527.85693,5103490589165.541
2144,27973577576848.945,239907849511.12085,5228909894300.612
2145,34635832593688.586,289772897040.96704,2880499960506.797
2146,49221015165961.45,203032177035.63745,3046938296889.357
2147,28718285018120.543,282203731058.4597,3542189292877.126
2148,37725040912749.2,181581464434.26978,5696688821457.034
2149,26115052351700.46,230644498215.19116,6188306586262.758
2150,24784439353244.01,317393554117.50146,3250007691377.195
2151,44072747172098.516,248049979254.08936,2579505781509.858
2152,52544694904297.664,151652418364.81787,4600705805780.696
2153,71412629672509.62,117199188663.30249,5040697399660.824
2154,25173463006040.4,241836588977.2273,5696193523175.946
2155,49323970264333.9,235681206063.24048,2407874824304.5703
2156,39967370013136.92,181369864112.49194,5148038282329.124
2157,26166749205872.47,264161002896.90845,4682993534263.672
2158,25465917127755.312,242832065649.78735,5630037040217.416
2159,31337703176496.086,196040411424.5005,6429199038735.824
2160,57214074465517.35,194373002552.9309,2869386130372.183
2161,29774737838267.56,214109144413.01978,6007918001561.597
2162,39090319622393.61,181316509965.9485,5418038185585.5
2163,66374679150579.11,152664355702.38403,3433088284699.7373
2164,25913674903633.43,255268293043.1543,5149818199719.43
2165,71337421062169.44,113261352369.35815,5271777293805.6
2166,21057288672272.336,295948851070.86743,4641265358216.4795
2167,52637514296079.19,154578813950.06372,4484463248762.861
2168,48134489911230.66,226024489044.29077,2721250633148.4116
2169,58217476114633.97,153574362226.82397,3923782725475.8467
2170,47823341509431.71,228472437604.46045,2698153761312.0522
2171,55185367845257.64,143344285328.01733,4655958862769.223
2172,26533077146657.984,255965276538.60815,4968538222147.234
2173,34241878175903.777,211439293561.09058,4935405931653.222
2174,38114694059118.74,184845609362.81665,5378466379199.204
2175,23896561194385.97,266951303248.56055,4955008752836.865
2176,23562614644617.31,266279084330.2727,5046746487373.662
2177,27222377616251.605,323414701709.6526,2891202294557.74
2178,53231409550360.89,174284980530.54004,3684174410802.302
2179,34145041302179.152,240951713979.61328,3722983196903.955
2180,57889082692685.44,156012669806.9375,3895970396774.816
2181,26389220670878.508,215803047142.83423,6700171438650.411
2182,30874338710110.12,197659481007.66138,6409835125334.501
2183,45128693345261.875,160146447174.65942,5334638539883.215
2184,40114301861460.484,210664460589.65308,3943521655068.522
2185,30333617240778.71,227829108626.02637,5269446807802.89
2186,64908376357999.27,126378205010.32593,4880064689494.792
2187,23987296271177.85,316330052924.1577,3517368638537.2085
2188,30694263071640.83,239827075078.37427,4584886496484.441
2189,33597657149855.918,204485776467.8899,5432745865797.559
2190,48535435408705.44,176502428380.8308,4090488842474.015
2191,29799090208675.027,199523593502.13135,6478658625881.618
2192,65899977451165.58,177969472287.06763,2754121491668.504
2193,46541334218831.8,232172854364.0515,2601501748551.6016
2194,33155162537490.41,170049914393.02808,7696502899997.375
2195,43770609636619.125,184730148339.6902,4412592755128.736
2196,48981645635937.234,141900655307.70068,5989845508523.716
2197,43059988029550.77,159287956451.2273,6038932413642.462
2198,48560982865309.98,231544872237.48145,2520698016869.7803
2199,53837763287291.68,143176645267.44092,5194419361486.703
2200,48987849813954.695,233575477528.53442,2480068410172.004
2201,45504126403939.96,175577122409.38647,4366675041827.183
2202,33096373809227.344,182989972129.85327,6744106376606.524
2203,54746238407368.77,147038430301.7661,4575459169621.155
2204,54722282791425.945,124654150866.29126,6847524231085.091
2205,56350327868732.4,215501342487.8772,2466411542917.415
2206,39677570436084.445,214931316232.57764,3724442544319.2354
2207,73804689640192.56,113379582606.42676,4674390966171.558
2208,44590732099582.516,187252334008.3296,4047840710709.205
2209,39183944785736.625,164519607515.42554,6622399326736.221
2210,34429301102429.04,258846434403.96655,3318388905783.975
2211,29593027417537.066,238137124666.4756,5040424017173.93
2212,24100967337488.984,241362685491.16797,5854648974155.01
2213,45001655565762.32,175950466868.62573,4441044845832.352
2214,41262908449858.625,304160906858.04663,2478073800902.7334
2215,35116041404871.805,205247303572.74146,5204475623974.148
2216,27516020791019.58,214570291072.0603,6692381991847.746
2217,29989038807532.82,218529398582.07202,5704012225462.384
2218,37878671543306.19,214228386134.00366,4064190907853.3364
2219,25881699392568.312,272910791695.94067,4347640309604.75
2220,27172604293447.145,247227950452.7168,5136226902525.999
2221,63712580155219.82,119953957696.38306,5611359414817.32
2222,41384116288886.805,141663256947.50073,9574957682956.488
2223,46195949015374.25,230171159228.97266,2740174449321.271
2224,39927432554517.2,161413295348.5078,6702230565025.801
2225,48352284946968.875,170699777007.72876,4207968803914.0186
2226,22283247955940.086,277468437618.2881,5418072810306.942
2227,58675632763961.516,171744276355.1001,2829217415313.7563
2228,43742515649257.63,177599822665.88208,4533771268156.019
2229,47018163943206.24,151188150247.58887,5420016341168.852
2230,42526790490273.484,295852901007.40894,2370294257846.6436
2231,58612049849443.32,154035390935.24,3843183591118.432
2232,58273073454644.31,153568783436.6277,3917323527464.654
2233,27629010938378.223,279408011812.562,3712409660502.496
2234,32051939220925.91,197531734024.27686,6152249952104.268
2235,46382551140730.43,208008560372.1045,3179702725335.193
2236,24690045261779.098,278318791080.69214,4379898451429.48
2237,46263523887350.71,228166647218.75073,2787074057234.2334
2238,44469972958194.19,173277691323.33057,4722610226648.745
2239,32781836128716.402,205430112771.40308,5761030017526.94
2240,36091901492037.06,216248585645.2146,4205496899086.686
2241,61749744885571.65,159234376999.21362,3387195492856.9653
2242,50222152071803.49,187869578296.93677,3419543057838.288
2243,27448206702417.656,215861064472.77197,6551042265295.186
2244,43113735789400.484,289343701883.6367,2464350768144.9453
2245,47890583623863.05,239924644558.26343,2499967620772.1455
2246,35150739662188.164,171565731513.54248,7117719877525.327
2247,60066735457026.46,127457696419.98877,5701784433370.5205
2248,27433968803056.637,246798980584.87646,4998155178258.426
2249,43714411899885.305,140135486547.66382,8771950042025.969
2250,25950199637348.48,247344189045.0598,5358126560442.841
2251,25891305616905.26,283652095947.5049,3917828350308.264
2252,27876646023385.57,240366320929.40625,5203211878930.838
2253,33910212221776.39,184635999501.32007,6368415686199.913
2254,71273912050965.28,119881102238.18652,4902657951651.151
2255,45060394817007.82,185639018083.1267,4026874501116.689
2256,56519165879097.12,139859553318.7312,4674077632581.21
2257,56456852838616.87,120970947002.15552,7235430910245.723
2258,55788028796938.36,157951394799.54517,3942923124527.998
2259,57261059952019.125,168790556107.73706,3192490687073.8247
2260,52806511154588.92,147720943663.50122,4767749738149.559
2261,27619672267953.293,309533989140.8955,3075874146578.4683
2262,21871129412746.008,278441199265.6709,5454651673841.056
2263,33484027596290.14,225748071323.44678,4200505562553.6885
2264,43986223159674.45,248664483271.49976,2589303348649.4546
2265,40248337027032.03,211220805489.67456,3919035797378.218
2266,34525142950724.83,234541696312.56982,3796325211142.591
2267,37294000618506.4,203932994003.9226,4627041371704.549
2268,36437528719611.06,210170033903.77588,4498843196512.884
2269,34713152855010.69,320908284183.65845,2560132105448.4243
2270,23969006902475.58,249332790679.07202,5661423286834.522
2271,25477965393995.95,288882729417.7261,3834427369511.9336
2272,46380448085129.93,189451310546.75952,3833995601229.1426
2273,39547065814172.71,172713092385.0188,5850508046297.413
2274,30199123257336.11,232711025972.4209,5127880727757.8
2275,45953576355379.766,186859988282.95142,3978161864965.5303
2276,26467071580354.477,236698988332.43066,5698452367870.765
2277,40223139241947.72,213089913529.7063,3811186597629.5493
2278,36522602513488.695,198302683836.55322,5210838146008.19
2279,46671397506481.18,186264105937.81885,3890951539808.586
2280,22627714239100.71,282827924613.595,4735973422516.686
2281,27098125565098.668,322040267866.11646,2908772140186.794
2282,56056256988611.1,141463254445.7019,4740507689086.793
2283,24720041062702.332,292832105580.708,3908857382057.519
2284,55472918378381.92,124126160209.17993,6631725624250.779
2285,48327016430635.37,229167211239.9182,2654430718714.038
2286,72778836884305.53,116691411346.93848,4898609864119.968
2287,37978330371937.14,213178539322.02466,4064192111831.2285
2288,42912471420685.64,154534307395.88647,6352933748342.781
2289,38205473328557.69,256949936023.1018,2818545271375.05
2290,45841065463502.69,299242426910.04175,2360522051787.7236
2291,62939456286237.695,131097521153.14966,4883151160115.194
2292,37324489223406.58,182271819837.49683,5732325444953.728
2293,42431993736116.92,169475921498.9104,5284721377519.826
2294,27352903534160.453,267043578272.94678,3907246626540.061
2295,47489575918004.516,224811900926.65063,2806001065301.384
2296,35881920308635.84,214557100272.78467,4243650603479.068
2297,61989150502792.26,140038064293.2019,3977611204771.387
2298,21811073173704.832,274811290440.4817,5644646633162.807
2299,45208796395766.14,169156655367.34888,4759278681759.869
2300,62250168185609.83,136667117361.39966,4050256015914.936
2301,40890221320128.78,157764861820.7561,6713761437520.504
2302,48764089737517.875,212234520852.50635,2886980513206.651
2303,26226660419116.652,257440216960.11572,4993506060769.679
2304,44757761516583.05,194123982873.7771,3850156309544.4277
2305,44969659062451.13,231921420909.49854,2937036154803.2095
2306,65624831159928.27,124348270759.99878,5151238528477.704
2307,42849527137383.836,143896092962.5254,7339461590359.899
2308,31247087817042.14,206390757409.0088,5898174984034.787
2309,37426925983306.38,246476779182.0442,3196970118537.0454
2310,56090168054116.98,166653664014.2473,3587302446035.788
2311,51498945232605.125,152762647361.88574,4643873277210.218
2312,25578503424582.254,262150850725.39502,4956903388964.665
2313,54218155955321.0,173058339036.05444,3657406931639.3643
2314,26056164414083.883,268624660983.38086,4610426330771.433
2315,43363396104642.17,157855572526.6001,6051568022868.565
2316,44811086752631.43,241414790355.3523,2695204984446.1626
2317,38139059546688.06,177278636749.71167,5683129427808.917
2318,45776014773039.87,233278296901.48047,2732482584722.6743
2319,55769637142314.41,122493616878.84058,6642980603055.55
2320,31118508997900.184,185038452880.99463,7560481324755.637
2321,49834410767276.38,222359324877.7422,2611185538571.8945
2322,27933209092068.438,199546091269.69702,7651408313826.5
2323,23029072964092.88,233503670285.3186,7172471603223.705
2324,26332042392361.83,210820673506.66455,6946774085454.786
2325,72324238492371.69,119698990753.48706,4649216549091.738
2326,62530327394674.33,160379418649.26782,3251686481489.0166
2327,24602149895605.5,315043997791.0005,3525614402655.1855
2328,49522216225178.78,200688003180.8911,3190326070907.4556
2329,66381326204678.37,117154118289.33765,6334774859474.861
2330,55396543498027.17,175585106398.30322,3346354894649.8623
2331,38435233852193.26,182079360560.2732,5406624383071.797
2332,56685411562241.984,142685568817.48462,4511747603437.411
2333,59585362369509.734,125247778821.89868,5972327664819.918
2334,30435977349671.227,238113942779.1128,4644556295859.175
2335,49994184996470.414,169194142663.74023,4048156826521.545
2336,38472562019667.45,185245059778.06616,5319894896228.341
2337,26489229142567.87,214890468046.56445,6789224498898.955
2338,28857069365987.14,303379575550.60156,3063418070130.173
2339,41977807377137.52,172437124360.4619,5096095831048.034
2340,28581313057452.344,243667001728.18384,4955506253482.007
2341,25798289883408.258,225653949613.74756,6591592371536.796
2342,26703443116412.457,220907683062.70874,6259835038720.742
2343,27101842353527.715,232950913431.0271,5597916590642.4375
2344,31456756924595.094,198918434935.03613,6286839015693.232
2345,43721133240546.15,148245826026.56226,6628583210950.395
2346,28209046103801.035,204428640279.8484,7007438030425.252
2347,58913048708588.95,204860849789.99634,2509843723653.3447
2348,22277398305036.617,275488279031.9614,5446305385241.028
2349,57788585747720.67,139900591355.31616,4454363524662.897
2350,32430600764454.836,349041307721.93555,2613590603773.8354
2351,52834129014936.28,154169136845.302,4437184727288.782
2352,50407900517314.11,179941605115.2058,3645048286349.899
2353,42653576830522.53,292671820425.2095,2459222101861.618
2354,54022810600992.12,200687131434.8977,2700098095018.1562
2355,51022693136617.53,164559681498.1018,4222949268219.929
2356,48593857544860.195,204416755772.75024,3102277164320.595
2357,46212246207525.164,148506051242.92676,5958259819303.665
2358,28303587890287.69,246031251651.87354,4774812508714.48
2359,52520679214342.25,159267990689.38452,4255059903516.559
2360,46115171647920.45,146538878296.8977,6099811397688.78
2361,26335609366153.816,282092071334.27954,3914526766793.332
2362,24083493318379.0,298307016770.94385,3940582516102.059
2363,27719945861921.57,269866582449.17676,3756845810446.429
2364,24923481122956.836,236249743270.81763,6076368327016.532
2365,43544182880234.66,194797630532.52222,3973357416703.0747
2366,45310232873935.59,175559884810.95508,4425442038719.994
2367,53879232058442.32,150868821023.87378,4445529236418.862
2368,45937555478051.516,230189045745.9702,2720786703563.462
2369,30563626365733.58,280354424489.17505,3250996904656.3154
2370,37986060694272.43,186621293752.72388,5352854933378.87
2371,25615623509444.79,223020649627.1416,6842662037746.459
2372,44492640407840.71,163627539832.20728,5306277526788.215
2373,21930695498709.805,262374128652.13013,5853649557665.189
2374,52307163446955.39,182873192762.3042,3417936377801.169
2375,28675263608258.914,307703326156.70605,2971648012736.412
2376,39668628584447.13,173628630587.2893,5509745255658.624
2377,72058011927409.22,119661924343.1687,4662706992300.153
2378,54045750960168.914,144062414332.68262,5156451637348.846
2379,39773608232371.89,196236445934.47852,4384087722528.8735
2380,54208286451948.0,148736830808.2661,4544901456661.594
2381,34437066613200.18,194242298596.92163,5859921367280.564
2382,36725443798866.28,210826223520.19092,4367835358844.959
2383,36402713616370.555,249111863199.8667,3294871479961.0615
2384,37558767542307.72,233277404627.87964,3625150169650.21
2385,66572493799728.01,114564108485.68188,6368316562512.95
2386,55469264511606.59,124747163722.4646,6624476307700.98
2387,21176499100674.547,292094432902.3684,4626567247521.13
2388,60341538183478.0,146979123501.90283,3934758989422.111
2389,66570413720900.36,115183374837.30249,6375454839944.754
2390,50776174705003.47,194019254671.8811,3262295882724.2695
2391,26048435893023.797,231603166518.96777,6182415602512.9375
2392,55254433418449.625,143688111967.9712,4635312239334.16
2393,30837567173247.97,216682161122.03638,5538926065252.812
2394,48362102960154.71,170597664427.40063,4207968907713.607
2395,67837779343138.555,155179552717.71143,2987218197854.1
2396,56464071045125.78,120385484173.33472,7254946940263.307
2397,43896063153264.055,139715711004.427,8803519188128.629
2398,39077635227907.97,193329655084.76636,4620202959925.034
2399,22110975750587.656,289538649287.0867,4664173863521.817
2400,27896473932887.523,210887745912.19922,6455039574411.766
2401,47956604594830.31,214413121903.83545,2902122086309.7993
2402,43751991416228.93,178046944029.2173,4509191820165.912
2403,66706144527827.836,120313454464.22949,5122733768819.357
2404,23445517844433.797,231178658294.65283,7138323068764.788
2405,34757064911710.4,312641839821.68115,2667247445465.191
2406,27166714144396.367,312526121668.3506,3110410783023.0273
2407,23782291627899.434,269731143972.42285,4912370371389.922
2408,64537034387936.09,162522782641.34692,3042297412732.856
2409,23924769819245.105,241517681221.96997,6107565517993.168
2410,29764460720434.383,198386762268.52222,6509462688067.12
2411,62361730574252.5,136648070665.39185,4759257771815.965
2412,22055019601387.16,276237434198.48364,5465018665849.915
2413,22001577125025.996,282359833858.1926,4950276174937.883
2414,25017527991052.656,218576756778.9419,7199026022208.324
2415,28641465055776.11,224780616939.75415,5722333298301.233
2416,26260538299438.938,287782080989.823,3728021018827.242
2417,44717674411747.5,192596231451.35815,3865589140783.9644
2418,43808134039301.65,187808712745.68774,4299105768334.082
2419,36480079865581.36,289879144885.19165,2668688406677.87
2420,27683501689181.016,216916702144.09082,6214649769011.141
2421,25617782083783.562,303493841403.93164,3603843967063.1646
2422,40217219087337.266,214013971230.45068,3680300927677.2324
2423,43191336123111.22,194512382277.63843,4071376270838.4575
2424,31020596828381.93,200385424136.14185,6059111942212.73
2425,31958903709179.473,203091711016.67578,5878742785348.523
2426,42173551880838.66,162779917527.22192,5759761678057.914
2427,45522284452051.47,248700541172.77734,2447463279950.9795
2428,27095110109446.93,210001856915.17114,6841735613652.723
2429,45959089545566.94,194306596394.50366,3779418487896.787
2430,48363388264331.29,167409567334.15308,4338327121432.2446
2431,23496666555480.24,269944606619.87817,4925234094691.727
2432,48056068553734.086,230876537197.35083,2651091419484.6533
2433,24274546173879.062,241185230408.22607,5861414616774.295
2434,66838296534864.6,152198534044.79614,3407149574717.8857
2435,62764278672200.08,123188705849.34644,5579306321753.321
2436,30050917221720.547,202321997654.44897,6437163134760.314
2437,38598166278763.484,165535129821.48218,6451151260728.868
2438,25542931604413.605,313401345018.04614,3335461484490.091
2439,55451389823781.586,217694812375.51733,2469524980780.58
2440,29317953243049.902,281508943919.77563,3490626950795.4126
2441,29773422550055.32,325355195051.0757,2746172917007.4785
2442,40220586097530.09,177772079517.91504,5177634666779.213
2443,20300264518572.707,351045950383.0325,4454756663090.125
2444,34806858150518.68,213543173359.6062,4793507435175.067
2445,54185547756306.77,213932778179.08472,2561719508619.671
2446,37068579308310.14,218595750732.66772,4045142506567.926
2447,48608625087003.055,174259832648.1604,4001537928404.0244
2448,24612603399472.56,246824172612.18945,5616194448907.623
2449,35294775754733.74,224504271534.677,4113804768316.777
2450,48726782716900.82,221780853872.64868,2747323542960.9927
2451,33074773047452.508,219919749155.9807,4592155324564.48
2452,39393565346244.16,223590545919.55908,3630724910134.969
2453,46954962917013.875,227618082123.7605,2761400849989.8
2454,30222763070504.53,207043921028.37476,5951089063512.889
2455,48334119979211.77,171188259613.36328,4189274791690.522
2456,35510624179488.516,222391560061.27563,4119966562102.588
2457,45353959998675.71,150393509373.04834,6063287197121.039
2458,66552038834326.77,119515219996.38599,5414830247386.491
2459,37689760130093.84,182683691788.23633,5656658215258.363
2460,44528607782193.17,165559033327.3933,4919539929256.96
2461,34446957583661.008,193131330370.46826,5960493719518.561
2462,22263788416075.918,247732305035.23755,6247079137861.545
2463,42258123930697.9,179668325714.7046,4749016680479.458
2464,40604277046647.97,303236778251.41064,2478084329658.04
2465,37744168369907.766,161045597294.4563,7948761856880.247
2466,29405967735510.004,243666573349.56592,4658422952639.918
2467,42903189192665.69,181558901739.25073,4660191021951.566
2468,48686335295925.29,203676293289.52173,3094520618654.216
2469,58798422220626.89,159518544452.4978,3596568809647.57
2470,69719703602173.73,117764867971.4126,5271631158783.887
2471,58266466091677.36,138352303126.24902,4420116233375.899
2472,52298349888179.69,211992590569.2163,2805748628815.9897
2473,40898738460493.67,206877187059.0669,3991285111517.3193
2474,24939684752689.055,259310988421.72534,5156022552564.231
2475,29474973170998.27,243114230188.39624,4664568349424.137
2476,56018547101793.37,146471882916.75928,4380598848192.064
2477,42159533694958.83,164315984109.35205,5750226268396.48
2478,31730967363876.246,186602911867.69165,6845880644878.423
2479,40507891339418.39,165859764214.55542,6182078595317.215
2480,52716427785774.195,140536899189.67554,5605586922536.685
2481,32834432833974.914,212603418239.6665,5213702353458.549
2482,27240601726238.21,260130103721.95142,4607119157168.38
2483,42190029989794.22,183509652260.00244,4552951356922.13
2484,28766626266788.496,304377558301.53516,3021106978816.3867
2485,29272825354267.805,277996362983.7202,3524438547066.1177
2486,26730330107610.375,219742044841.81348,6611865585837.767
2487,24897773597547.465,238036931996.35522,6101086534703.085
2488,48596946562509.54,174591345898.85327,4083251969336.865
2489,47471931740610.22,170372935854.50635,4320669826471.8726
2490,27596347369098.27,210797034450.33325,6824621516009.41
2491,26908955800436.14,205180470035.36914,8130731264567.656
2492,28305986880362.633,318418233835.7073,2891603130714.145
2493,41476552142951.195,296662139756.03076,2491480708807.23
2494,58928314159535.41,159089439148.99146,3466860938651.6304
2495,32940951773640.504,209469055034.56592,5420770622377.972
2496,46833206904541.76,170765972659.36108,4433137021407.144
2497,55335524416155.47,142507454939.9358,4806232090235.678
2498,48305148256096.38,170528615938.7141,4238694260937.3604
2499,46991709424349.54,150841318050.2229,5437598608279.373
2500,32819514292679.79,253750434994.57886,3643768317518.0635
2501,38727783202980.055,155218535544.36646,8382887636219.244
2502,35283324099106.09,292224062077.0371,2683631084429.9556
2503,37768316028089.79,244004397480.2683,3283670932798.596
2504,30832190784491.438,239449280657.44946,4584271824364.927
2505,24630335614705.11,274358239444.05786,4641087477917.301
2506,52624212995509.77,143793150512.6819,5383446462708.567
2507,52853477065571.69,154568568775.64648,4410754025015.689
2508,35171282184012.055,171490805757.4182,7118121406992.021
2509,53482586713247.74,141626012759.66772,5471136410555.16
2510,65550554964469.23,127083283409.13379,4797479394715.521
2511,37738153905838.45,180542072339.1548,5716103843894.791
2512,26608819989132.44,196180924896.46948,8370663140150.549
2513,55421208021220.414,149780353120.52173,4324808144624.53
2514,26966364286827.2,267033481256.65137,4123219359590.5933
2515,35294451583098.78,224529934779.80786,4112986780928.5103
2516,46684474794024.234,242885303974.22974,2512907758249.239
2517,54030646877525.164,163912995249.8401,4032861839882.303
2518,72447923175144.5,145268651627.80933,3573770655027.673
2519,25894117210091.855,270337935896.48218,4373382615350.5977
2520,36124029938546.73,217021415192.28198,4204974710158.3228
2521,53635354319747.09,144613828871.67065,5284049186257.543
2522,24887222802606.45,289288042897.4497,3937817202137.3228
2523,65640079020469.14,124854772833.91968,5125843752796.283
2524,46922401572858.234,162028802466.75,4869625367933.1455
2525,67669952998690.664,155973959697.9729,3006404449187.685
2526,33418528835762.406,226263209901.6682,4197151321182.2383
2527,65899110054315.04,178618151886.98828,2750301688872.787
2528,26184834037595.543,241782824470.94678,5434028247950.2295
2529,33160151804582.78,187873117711.59033,6467146379269.238
2530,29582199815346.324,232726429611.15796,5198408834656.964
2531,27095320828734.633,261443121085.39282,4678887228118.332
2532,36965728082221.51,220567165771.56714,4059785422734.6265
2533,27338263969475.754,233680236291.26367,5563357716718.903
2534,35383511478194.39,264054800050.6985,3113443047671.441
2535,33812649154955.004,322797807555.584,2602920029624.776
2536,32944359079396.96,184811420475.00806,6676236061937.387
2537,36630230486784.38,195730523709.23022,5209715491768.025
2538,22712833860440.75,273255912941.59106,5451294540067.711
2539,54270943588424.195,189311736376.03296,3065552589230.0693
2540,47463222929156.12,158178221380.42358,4670983151939.483
2541,44779000900297.58,195710209049.45776,3786465452688.8115
2542,46025619155306.29,204526475955.84668,3234584038138.077
2543,46033303054575.51,146629525990.4878,6094770275184.699
2544,28798559677134.33,245902270045.1599,4721245039961.96
2545,21457487549849.484,288482674062.43823,4812097032003.512
2546,41250791934527.26,151343736802.8933,7097162930680.124
2547,32480926423055.113,321518965075.5676,2742254524789.7925
2548,67838105766040.67,154871008514.02515,2989461506655.459
2549,49448351738642.33,176311560053.25635,3845886196090.57
2550,44938783206424.28,201477333529.86572,3451896585996.682
2551,41799958791479.27,188501565532.92603,4452174783980.112
2552,40916343872809.16,203895937049.86987,4091249944461.377
2553,38006381116026.734,185991282792.20044,5358412168306.977
2554,40039221525802.266,209868194301.13794,4025010367288.5435
2555,47199005700550.5,147650761410.22778,5934645102702.167
2556,40180269905160.35,165860489401.60547,6217931218707.016
2557,33926008100666.832,167444758790.9358,7705674858868.432
2558,25999669330838.246,204004997858.86694,8286351202882.201
2559,32101777403798.086,325067091998.82544,2689261507278.056
2560,45381717060354.1,229479107351.70215,2912643425518.916
2561,56928953469336.9,160104023922.95728,3847994690446.1313
2562,31615936667467.715,201348281118.24512,6043646407317.978
2563,49824407567546.84,204837515001.67114,2950492278590.6167
2564,21742396639521.4,279647194066.9929,5074265470036.669
2565,40634539910908.65,188500922494.4973,4662227763951.106
2566,26640355240111.965,212198299372.60962,6946692426656.775
2567,31862033053152.348,246819301458.1985,3915804094547.2617
2568,33993133542609.062,271537398867.80127,3078797196167.569
2569,24969129452489.49,269286297764.60767,4803442908996.306
2570,23164721582949.5,254084745371.9939,5526383331019.177
2571,59083511305560.484,131292438680.52173,5406220032807.66
2572,31293276704367.73,236773500111.26123,4557272034901.097
2573,29904508718530.598,295329137702.6682,3164282920627.4336
2574,60335541789988.02,126686122088.38062,5721081647094.981
2575,54366378277327.805,226595783271.239,2419718408701.5522
2576,46354256567368.03,186491599413.95483,3907739053568.2344
2577,42551252502746.1,157414453505.04468,6294967048515.338
2578,41963066913509.83,208832033551.55933,3623508081643.197
2579,25740102755261.855,256596257864.46704,5047303542127.033
2580,40153765417772.3,181763357166.761,5099793230306.194
2581,24520985103860.65,269710864801.79077,4846659747454.219
2582,42674452395466.36,153673584903.81055,6439133020950.687
2583,47176247081792.22,167603863527.35718,4558903645666.036
2584,30115388567492.492,275743991465.9409,3512775840071.087
2585,41574472898146.33,194120825225.02197,4247298069440.4487
2586,37629322275166.22,179226727121.3789,5775021628694.682
2587,49478202153731.43,174330358270.4856,3880005782930.9204
2588,34185611916238.707,183407989958.28882,6209378418223.225
2589,46165340619163.42,225038162544.4624,2921893059186.0205
2590,45255986284449.31,148420982592.2141,6175533104516.011
2591,38379554921154.09,173138713316.65112,6309538941979.763
2592,30936327169310.688,276488114532.6301,3411737087151.1406
2593,53216513441130.7,224218321557.2019,2501954727080.577
2594,45391536589211.67,190455129251.72583,3894033317172.4053
2595,31283383136422.805,234370528765.3474,4644365646105.774
2596,44078896966151.88,199812648955.44385,3714237004753.0806
2597,43975735500274.31,196428437546.62817,3870198745006.007
2598,40506260238441.984,235597907946.19482,3020116185982.9116
2599,52745869031939.07,153894966237.59546,4481936791512.453
2600,38761897903617.23,173884203413.28638,6144430819724.323
2601,27281051194579.39,213842950714.20508,6775152714708.821
2602,48491973041221.14,192253362543.01758,3474156372885.3306
2603,37262584047253.54,220083528129.77905,3938884717876.43
2604,29901446486166.27,238520151551.93408,4724814088300.315
2605,28544327138065.004,204721225332.64307,6529394748055.614
2606,64221337728862.016,122217549706.57983,5394234256536.543
2607,58917768544603.16,190764053732.66016,2804450445465.13
2608,46307881558768.266,188162562215.96826,3896482442775.288
2609,40262550873548.6,166740703738.69458,6079177455385.445
2610,43985174976328.99,164840295130.64282,5407624617533.384
2611,41200903099563.46,174090977619.20435,5242794604924.2705
2612,56134870817681.586,160650755175.865,3903696502712.414
2613,29889152394794.582,248380205995.59058,4067212831267.513
2614,30898358136823.773,245718646127.87964,4137840261989.793
2615,44509615659497.75,166746393451.85938,4900929698729.493
2616,35316311439128.58,202928840241.81006,5186149189563.674
2617,40022723824814.12,161477544811.71118,6556981059989.022
2618,54483327918287.21,161681572305.83154,3838820983219.1885
2619,40365372001196.44,175047480322.00708,5299035860503.217
2620,62188635830343.97,163098909713.7683,3217727852659.0845
2621,43270002673009.88,153372671427.56665,6373350135895.414
2622,29640567905660.152,240986065585.7837,4674803881328.576
2623,21045765206742.367,277392460201.82446,5971214230113.145
2624,25468012253156.906,243361963521.35864,5575860511870.681
2625,39831390005652.89,171652612841.26,5792691241232.289
2626,44090720154119.414,169555654851.0896,4919972796787.743
2627,47080918966497.69,223679563474.20215,2909339189653.345
2628,44904813778473.64,165947635428.0852,4905397666815.46
2629,24831278947576.414,260030311474.34326,5139005204207.418
2630,49697688547056.664,198979518258.8645,3200613819725.5225
2631,45545620231997.875,235668193597.88843,2732479673760.3145
2632,72549854673124.22,116330838030.06616,4942932563172.275
2633,44723862995014.38,208325806145.26953,3442885037476.241
2634,48989995154278.84,185357807327.85083,3638381747425.5913
2635,44414995037558.63,152711283507.10596,6150885700447.893
2636,43742137087416.12,178234870024.43433,4532346430898.102
2637,59474263904491.06,205839923830.58472,2494862127585.9087
2638,43726928498182.27,141478922644.48633,7082693983330.756
2639,65802992570180.984,125900221137.0957,4805384240239.836
2640,28979661989330.61,276191341449.69336,3665661092701.081
2641,44727142797813.875,191653014664.4192,3906973914084.7144
2642,46022673969526.484,147571028851.90576,6035593305362.338
2643,25729678335911.418,235548832617.177,5773825495290.547
2644,34860814657405.965,310381751760.6116,2689531838457.4756
2645,30432870719725.14,242911879799.0061,4573071065448.3
2646,50775504838022.49,194697104932.98218,3261245034918.677
2647,44601383872855.94,158107392495.30005,5502648341461.745
2648,27662950241650.652,208368216560.27026,6916042824565.781
2649,36354123692219.35,252293556698.15894,3157246033995.5303
2650,33487907109672.008,181058033107.08887,6762556433031.471
2651,49395572908945.836,181280058214.1848,3776987146984.736
2652,49727036332281.42,181408046452.03345,3708076819099.9224
2653,58482840828221.445,169384992652.14868,3094852062034.3257
2654,68919949301439.91,119481336365.4143,5335096403817.213
2655,46465336026693.73,186508175589.04517,3857150696699.6045
2656,39894461744326.34,210717077638.5891,4001379244095.326
2657,44313037297261.34,192699967015.40796,3916237006930.84
2658,44813997000278.91,140362712534.9502,7180762717810.798
2659,35421561677056.08,223947379068.7146,4090355609076.877
2660,27236976451029.973,267073576978.96362,4029077723383.989
2661,39849262158270.8,237757615369.07788,3018049494162.3223
2662,23559846903594.668,249917213776.91016,5653116100380.405
2663,37746760105612.39,214923084098.1963,4066412233029.9775
2664,37541304973418.086,204620155710.8191,4539875952609.005
2665,71088708970442.17,120199618937.47363,4821435426269.815
2666,42925523868639.18,151939007118.88794,6828016776665.507
2667,42208659499593.4,169054195322.08667,5354586861226.417
2668,29512690846636.785,239037211940.52808,4793617508768.679
2669,31443170985905.926,230365647476.781,4979827236219.704
2670,57961474312218.766,155999884031.83765,3854105807709.723
2671,25942334070850.863,229850609412.52515,6292761285123.56
2672,56989404136819.11,165966839164.05078,3520540096592.2954
2673,32311828739895.336,210360670633.8606,5473759279408.773
2674,25598600429141.832,239253091510.95752,5704662825876.216
2675,28100919382407.348,304542774992.6909,3018712023381.575
2676,35417783584474.4,219010967135.82593,4187543105136.793
2677,24524434627135.277,317529135214.59595,3384376226016.879
2678,45924090082953.28,172790687732.5183,4403769827710.571
2679,21813130432489.9,293206692106.55273,4589257371414.624
2680,56067199577495.984,169438708479.95435,3509119014548.2837
2681,27161061386150.305,224429632515.44604,6002446765998.099
2682,33343325455932.6,243894668816.49292,3855676609792.28
2683,45145393083252.72,149331181174.24194,6113864770680.225
2684,33512479601087.285,178233921431.5188,6766189188301.734
2685,62871524065057.73,138814268021.84448,3793710442154.3228
2686,58174149222744.17,215910932956.8064,2337211851357.6016
2687,35686031462450.53,216777181273.90942,4338014661383.823
2688,37775591328033.14,166518173652.16772,6605228345414.068
2689,44911663848070.3,157030409958.28052,5513705958071.543
2690,38615554833484.55,172970556330.61084,6247418949384.196
2691,53098048629205.57,175734218388.26855,3580386558453.9375
2692,35494166868353.72,201660019017.6521,5218355051995.201
2693,52511741357602.86,178965537226.74756,3476218889028.675
2694,29400110248245.156,240806840860.87085,4839240207036.124
2695,45428378822838.23,167897215229.98755,4823408319135.766
2696,41246395737343.71,176435107039.9192,4879917862423.492
2697,46067165104099.92,150202631804.95728,5961030266424.549
2698,44183357353109.08,212251619455.37524,3308749105699.8936
2699,28896518709292.785,236305657628.56128,5184820540455.148
2700,36187864158353.98,336961548153.58105,2431521639773.5723
2701,45377116152097.14,162131050978.26587,5008401576729.455
2702,28820315669110.797,233486434272.44165,5325223002235.336
2703,40192549843719.61,166117622321.69775,6208483522149.254
2704,32069402928661.25,264762059128.1311,3539790146825.076
2705,44411495790866.15,187944181289.20483,4123831462781.549
2706,36035147097079.9,212790961997.36084,4254151036841.695
2707,24399160996142.496,231961798756.99048,6772568249918.572
2708,50605597827664.414,191015506020.3225,3369119371739.843
2709,37951931202900.58,176140589310.24878,5977806625977.509
2710,46446018638719.13,171848673735.96045,4276731109237.1313
2711,37417030605981.586,260069015413.8828,2837000997659.356
2712,25072774198670.46,267650547160.0708,4858114925830.216
2713,37713616607213.89,178935926553.52905,5723261451018.689
2714,44164911923874.17,192803817232.11304,3891108600076.708
2715,44128854817131.85,207244176147.71265,3454548434010.5654
2716,21384954146997.258,286156968127.95435,4831875453696.848
2717,45417476274643.03,226816883726.9712,2872314726744.978
2718,39471990614110.01,178157732552.4004,5368095758440.103
2719,33957047506405.36,243201385145.26855,3706387871072.8657
2720,23719301638870.55,287695893677.1389,4078213336849.9404
2721,40132518450355.21,209153419042.1355,4045470291281.804
2722,41838367129914.77,183084360293.65234,4651582349361.466
2723,47649978161272.945,229701359042.1233,2671024416134.6465
2724,59060988009161.33,194557806600.03003,2686442385633.63
2725,31013801835878.094,231572640894.94458,4914771012676.85
2726,46993194692857.87,150917772302.99976,5432285162044.114
2727,60574948592748.86,124047948075.26001,5700176784130.476
2728,44770639608757.97,181103072376.93237,4294008553601.8887
2729,44967231240922.875,181245202012.00366,4232584059299.0093
2730,34116261338322.367,168329723473.0559,7654081391972.853
2731,40685260884761.64,156483776472.42993,7026472485448.68
2732,26615753398958.832,279678415651.219,3854428051814.6704
2733,27735725599272.652,315613208678.26294,2947284809432.223
2734,35770189315097.805,170612337804.69922,6743882086712.334
2735,34817123840706.133,173125618171.35327,7128308601720.197
2736,27263774608161.895,222505008632.42505,5990254820347.854
2737,34972655054154.555,254441676221.9143,3309252337915.303
2738,28590517779307.2,244627430683.5818,4936088591004.918
2739,45038365918696.05,150581034697.84717,6088089983242.743
2740,24678758193950.535,237253330815.15186,6463918528086.848
2741,30056075212327.805,199531238754.64478,6436074273738.059
2742,24738995220722.348,264970743617.20386,4962674259528.742
2743,44519018986075.484,198539789133.78442,3747816786811.2573
2744,38771234872040.984,175855065709.04517,6034486969878.384
2745,38601201498803.17,198090077330.71387,4616703528708.988
2746,47266649289066.94,183199362491.03442,3938191721689.3545
2747,31265641039641.67,228284425320.12402,5055667314123.922
2748,72933352446749.75,116893213066.31567,4848007133037.823
2749,32815307093164.926,268882598673.67163,3123084140520.1694
2750,55786802909532.375,150465626865.906,4308174472664.145
2751,38907205653047.445,183797345362.6819,5300131118852.717
2752,24540530623720.83,224891879520.89307,6844817763580.329
2753,24653706212227.375,258053461568.7605,5338464814663.837
2754,51643552204370.67,157434066975.28735,4590191669892.377
2755,21521042750221.58,347481774658.907,4243923647111.419
2756,38578729910455.69,181931974017.16968,5414619783496.35
2757,75323506288720.12,110333213011.39258,4705222874077.897
2758,26650653398194.242,252413318314.6809,5153439102933.104
2759,55318774966780.81,143166862892.12183,4624843715478.651
2760,33153826117710.58,196889022835.3025,5995989557486.562
2761,32745327418705.0,209094822854.0874,5454876190746.12
2762,32123454840500.188,233439408789.14502,4243792960109.579
2763,27497114532371.844,255109616177.77148,4616020329124.814
2764,66923358783117.25,132782893632.46948,3910420840191.155
2765,50386939200380.16,180191451472.00977,3700565408069.1797
2766,71276741889393.47,119632792489.03613,4910893002862.311
2767,40931227456918.664,317032383254.0542,2407023286215.6816
2768,44045672235718.44,137661751458.3833,7917915333763.946
2769,24218628576488.754,231157877144.9878,6958339921884.513
2770,63295049646918.92,170159867498.61987,2894372133965.2603
2771,36311109938288.38,309886901004.23975,2530908327121.06
2772,30646520054488.316,231531512401.18433,5004987789587.43
2773,26386683564369.69,210695198698.96338,8130726659756.449
2774,33433648315854.96,224665907997.0681,4262884313849.4443
2775,64742504817457.75,123674364665.76367,5285434665440.351
2776,31485582706518.305,231715949944.25513,4828445523122.542
2777,32650738736320.656,171375909328.0979,7771376381330.587
2778,28824573422928.992,315886780799.9392,2939026468542.838
2779,26629021921988.33,284592962119.97314,3743756722564.4033
2780,53154762046731.055,233129843638.79272,2439849173349.7065
2781,42010388268092.85,152610646277.85962,6831966341424.8545
2782,49112507161905.72,183307982100.24536,3626792086179.6816
2783,65480944518880.42,128004003897.24438,4781473021416.504
2784,26260829602093.285,203539172347.06982,8255694253969.377
2785,33448769188335.39,171917869768.3435,7556268897057.072
2786,46558616430021.445,290728613396.699,2356700953136.2124
2787,54025985172074.78,175414934508.3777,3519441482984.593
2788,25770165655184.625,227978109404.24072,6580303673216.689
2789,42213001238997.234,139976870666.8225,9370135437618.182
2790,48992885592667.91,206774348626.44775,2989901864835.736
2791,38294480484608.875,200866802227.85547,4495009216226.674
2792,53507584481371.44,156217773103.9712,4248135966461.621
2793,40265549558370.21,173271330498.00903,5590018996673.433
2794,30505219185555.457,241662022051.17236,4597720489280.9
2795,52277215955433.055,158058278157.13257,4363921131445.2163
2796,55886075623213.766,191783817686.18774,2935313330549.8066
2797,51263852122074.63,194476461590.26074,3142179165841.1973
2798,44849080225896.87,193870273462.15527,3830251624453.2812
2799,59217475990540.04,166161595129.739,3056196587263.7534
2800,45174999381092.55,191308311480.57983,3863261350765.672
2801,34042148663589.477,294002098707.0156,2818732869568.707
2802,52295965913523.66,132330407385.38281,6043759748945.842
2803,36191135243185.99,185579639360.37183,6021143348982.319
2804,42366911158149.22,181660759052.64233,4590385264290.681
2805,43141002526636.03,156947050822.6902,6126436440861.346
2806,28959072210124.594,283364868135.1609,3433392333182.039
2807,43421604137800.19,183365970782.6521,4466919282645.227
2808,26907133517556.637,268600038237.6057,4109894568948.681
2809,42082016900397.06,177418803697.56763,4752215381409.91
2810,54089161797323.375,178602040096.6687,3309944986528.892
2811,22124660215811.1,289193823328.44824,4642712752971.363
2812,53967832190422.09,155005480058.5791,4252624098432.6562
2813,56552607082359.71,176147088366.875,3041783923646.255
2814,34477426600654.97,240346635613.88086,3694172693754.846
2815,48201544411370.67,171252862706.84106,4228385059079.1284
2816,26693361682599.547,278157484352.0698,3893668590023.644
2817,40039661293151.27,166307821408.9856,6226450349216.579
2818,28956397203152.543,305641816706.9175,3012868062118.323
2819,36296054369588.375,189966964972.29614,5647691184245.5625
2820,27235799310438.28,217036709029.95752,6551755225018.56
2821,43452848346678.79,213811786768.87378,3439884020861.2646
2822,52773296331066.35,228752505652.4568,2471470746602.8164
2823,53895948000790.05,150638616043.32397,4543242708432.197
2824,63695319372797.586,130681753885.03882,4817534198819.401
2825,44417950134522.09,163773169468.73413,5295287342708.2705
2826,72806959448307.67,123157299021.34253,4246566135225.1045
2827,36377496979733.125,200882683318.40674,5047049852209.987
2828,27226862302837.5,282941404454.9241,3772202205457.0024
2829,55412273786931.05,156124964842.27612,4074700946815.0264
2830,38914916159341.86,176449147138.47607,5657442947360.771
2831,48113353175102.93,238221146524.97656,2443410653366.5747
2832,43377643910657.59,285812878011.25464,2457999526369.3286
2833,54401126771159.39,173780825281.27222,3541551945478.192
2834,28876393625813.09,255840948638.74902,3946123888326.416
2835,50107609487293.664,164296430201.62988,4520278375986.517
2836,39930071039381.46,189021772410.37744,4560668205295.128
2837,45862429133434.84,229563329036.56714,2826000529091.4526
2838,25031868665456.97,280280374778.5261,3973429833243.9814
2839,47932055511437.95,227236949935.08325,2694570632577.732
2840,46198552825009.336,187266367717.51636,3957911805168.955
2841,42962615410264.9,257740761729.53003,2471281576073.033
2842,35159601970437.58,299287818776.95044,2725294835443.1895
2843,41877567651080.2,185219197714.89355,4587636903229.141
2844,57283677745151.414,131076990391.63892,5472892483705.063
2845,31686148540822.25,223378290764.4187,5138698869016.777
2846,30764409815143.754,261140392678.98657,3738641224531.2036
2847,31762788449573.27,300289765801.8108,2881153458114.115
2848,26816697958055.633,195931387089.4568,8318856487512.339
2849,32642758511169.89,194397025214.16235,6059038178323.89
2850,53698522259899.92,150694044652.9607,4515057013517.766
2851,43930114173966.68,148374062562.47778,6374403043602.691
2852,50783631244692.31,165357739839.5735,4114367058871.1216
2853,23979451926600.28,249596585400.938,5607778563006.378
2854,33980745482504.805,242045311789.07593,3705866598676.0884
2855,41925753294023.33,161440876167.29224,5995496527569.489
2856,54578862707507.9,151942116225.82153,4248217130327.433
2857,29027195891412.215,244009530226.24146,4760485637511.546
2858,45511594579628.96,238144506789.9956,2616977786255.93
2859,53791598926912.78,161168216088.38013,4063962483928.8877
2860,46415390158605.414,148295351225.2827,5969530716329.516
2861,42122095655594.586,204901713607.71118,3820139892733.7246
2862,31218919293756.36,196045655760.81982,6393014192452.59
2863,44863187910305.19,157700027358.83594,5495448395993.319
2864,43872366403926.83,139468522600.5769,8813814285349.592
2865,41577678907964.414,145166046064.72314,7666083089391.582
2866,38264295884647.63,284304574616.50464,2609150894321.3306
2867,48710062109871.56,177888643278.38477,3935415944924.8057
2868,66866996219686.336,151910107942.1499,3415701594629.0
2869,29470173668015.07,280962232438.98535,3390417879958.364
2870,34571335865335.824,247741290621.21948,3420541877068.3423
2871,40901886362960.95,169200677917.8777,5550791497096.129
2872,35736354086505.86,201294842799.58862,5219519196449.403
2873,31310512179967.047,215367614530.23975,5631358165350.306
2874,41481513606140.336,147974483057.92847,7317328635444.525
2875,42221595298825.17,200796571759.54297,3943734883846.844
2876,41355711143828.0,203748384254.57935,4075801352719.3916
2877,26135256175547.746,252061289713.90576,5175070024598.247
2878,29084712844363.81,238112804661.05225,5113285824456.821
2879,51847873580234.61,189059699554.94995,3225596680789.383
2880,26097288955129.55,251542833556.91992,5192789692790.626
2881,45626131436458.68,235134552971.1516,2556079043107.4526
2882,25098825525044.094,245776558968.64185,5514018594025.672
2883,57678184473250.16,140729564338.46655,4485648812557.999
2884,56962183272674.1,131344393914.64355,5391347809101.516
2885,50625144983965.38,165883632861.03052,4313299048168.6167
2886,46476073970364.57,299481115456.6902,2322748928103.1133
2887,33051002652771.656,192672255888.79907,6154468570181.09
2888,37455559532157.586,203932677467.37915,4617012307304.253
2889,44216515134081.15,157096170033.8457,5566962162865.943
2890,44812741352229.26,196352305378.3723,3672610938426.2866
2891,33903146098941.016,223373386268.3418,4250168697915.352
2892,56499160512629.46,141712411695.2268,4617692984545.383
2893,51800596040597.734,160932674484.021,4290204776382.4727
2894,48545372370256.46,172924052182.00415,4107409437587.8677
2895,28311491611298.277,196879815974.9314,7702665644491.537
2896,23964463554690.85,239242531156.07495,6116437989910.246
2897,51917406937408.74,156598948991.2417,4463846879706.479
2898,32726215111775.543,217992134909.97314,5033780289371.175
2899,34666888426385.34,219675143634.6272,4356873073158.7573
2900,64285422857299.75,125383425179.18726,5275002419338.716
2901,52060132341178.984,184733872181.6809,3247085406308.8647
2902,44583199477941.22,245948473075.6626,2526337723833.9478
2903,63986321148421.484,131583515308.87231,4755202745919.421
2904,32603130419838.5,197907676946.7661,5947560131312.402
2905,33923868892097.94,213164849348.1914,5100981913854.803
2906,40177091020789.7,172518987257.63257,5598423775326.946
2907,24241311928416.273,285399747317.3967,4181923843878.8623
2908,47728455312972.305,183212207187.07544,3916464586034.212
2909,26408565271457.195,251676918765.20972,5191639206992.707
2910,24691186411443.33,276326385660.7446,4382462802267.181
2911,44162538078826.91,136501916450.69019,7912208909139.465
2912,72888369400742.1,115451671741.84131,4922623910627.938
2913,22171846851730.805,288914899330.0132,4664174510949.005
2914,71461323806955.69,116693167228.46509,5040697838616.482
2915,47037953867898.414,181843043499.99292,4098919409306.808
2916,46564049786923.805,230909596608.1062,2669402471450.9746
2917,59512576867326.56,162218537697.4458,3273799913156.299
2918,55674907675202.17,147227723362.87573,4324810908169.4146
2919,44532299231258.24,150846770983.30542,6230416356966.177
2920,35640099206093.91,286523552429.428,2828505082438.3955
2921,25367952069760.04,224102302804.96216,6789683377142.74
2922,55722200048744.69,147596892077.30225,4320653155226.453
2923,21742590241668.395,279304103768.5034,5074707087734.837
2924,32423035571614.11,189404206743.75024,6492169357300.374
2925,27630496565381.758,225711728439.98267,5876068903161.78
2926,48014609398882.81,206814372997.615,3020311887039.917
2927,63314275926721.63,128936307632.80518,4911334692609.882
2928,22334472602798.094,250068127553.1438,6101591754549.12
2929,39102852979088.83,169177601028.8015,6323178872923.783
2930,53354037687780.98,222821531175.19922,2501956137881.7256
2931,46714301139872.69,176550703774.21606,4269786499077.6147
2932,27241665564639.164,260027971512.69214,4610519415677.344
2933,44682899835720.05,191255841408.6631,3909053375450.162
2934,44551096291131.57,149065125196.40796,6273022080653.649
2935,28437656011756.32,252332403015.54272,4500207494788.999
2936,28797867200225.992,240568914570.6897,5012571505181.098
2937,41369282699518.14,150908584405.54858,7106834122718.202
2938,51400737245406.414,223669100538.70728,2573447770881.6597
2939,35457562302439.2,208981113599.3545,4865767430695.388
2940,56611669132497.53,175543647762.34497,3041784685468.18
2941,26879429674438.93,281467543843.96313,3833210831032.7334
2942,66951543729142.74,167052510766.42358,2948473941262.86
2943,43758401564858.14,167460825118.06714,5123975070349.834
2944,31097153396627.97,229803657843.75293,5041332353087.307
2945,70819688794663.08,118432058399.04248,5094539888688.258
2946,31911968424334.105,221286309690.0481,5105396934260.885
2947,40558327446263.75,207774928184.3501,4019817383788.957
2948,33944326278634.656,244303563121.35596,3681118909368.9233
2949,27154904118055.07,225002770363.74976,5983180345868.166
2950,30839743256552.18,216491216404.48096,5545258637908.33
2951,65303304456135.07,159686293150.71045,3090262574418.4717
2952,44946894177170.625,267116980980.9524,2455479024616.11
2953,28308653976420.305,255193708061.70532,4505449472943.521
2954,24718714945498.473,330827892083.27905,3124626837844.5083
2955,62741099516508.45,137005166147.87378,3953277256221.0234
2956,22161369478840.734,277582729273.6814,5395576091990.36
2957,52960342440580.36,215179278018.71802,2609321459040.482
2958,37577402317158.695,187531379994.42407,5364315793503.198
2959,55740578557454.3,179899181315.9099,3044656872625.45
2960,25593760779146.227,261655018063.11792,4845177591076.549
2961,40880077068614.15,219436329284.86255,3568372844872.0957
2962,32240178772632.934,241142695455.4265,4040028977908.149
2963,26810831315494.95,281092100849.08813,3852462912733.7905
2964,39761669852822.63,184626973806.4275,5009749843029.393
2965,32632463719006.824,219125265943.885,5117694938821.288
2966,48592937034010.01,230291785680.90356,2562207860381.1743
2967,43063218983553.03,215981000396.44287,3449618413977.9067
2968,23077834634357.92,241570862020.45264,6268333081239.978
2969,29099144488615.625,277065027946.48364,3653111054948.4814
2970,36882388325767.914,213198044148.9353,4164984318121.3174
2971,22122699935440.93,242950606202.20557,6280271137082.939
2972,27472886086929.07,237506817277.33276,5338744885051.264
2973,40176130318138.14,246450608357.62866,2978490091388.7554
2974,44313358410396.016,189721147292.45703,3992637981806.0234
2975,33281495283190.43,234407893774.2915,4165449078615.1196
2976,56194910535566.13,216522180694.5713,2457365891879.5415
2977,68128567441757.64,127112105215.7976,4487462991313.364
2978,44622133052098.58,169483504975.9187,4740004660378.218
2979,39455967130062.55,173326441052.70117,5787934362907.278
2980,38936290688206.695,160983015034.77075,7099683962731.799
2981,58160496157823.234,149465594630.8318,4123583620210.566
2982,30880639797400.402,233070302167.99048,4836886964012.933
2983,70112688826137.56,115514681623.47974,5458578022670.932
2984,32283512308073.562,185559270377.00977,6780542938726.647
2985,46213124669045.984,197165498440.3933,3473848808708.613
2986,37733808871960.65,243132351465.2556,3295559426487.495
2987,28082211683017.465,212828599221.8098,6288657219567.44
2988,45584186381713.03,177627767062.74243,4275324748098.728
2989,22077109050468.785,324764599129.3662,4369187007500.1904
2990,30084546772294.457,190069132826.26343,7118275587180.414
2991,39246977941843.93,221365390224.72485,3684921180252.422
2992,40938494278893.08,207208626381.3899,3867960545182.546
2993,30970135500913.844,201690533537.89185,6181379486545.65
2994,42998642759981.7,148931888899.2837,6871075870496.978
2995,44615028244393.82,158114708630.9048,5475780895688.294
2996,49074075697818.22,206661133005.87012,2976006344305.95
2997,44423681406330.58,165777029092.66846,4911765964035.571
2998,27289243177682.51,248439870045.41016,5088858504626.388
2999,37843290516774.04,232415261242.94897,3552031979047.287
3000,30285177140409.027,284200260020.8462,3176788307444.4946
3001,44232457619431.586,158489456897.11987,5546224554675.548
3002,36740996818684.195,188601771691.28467,5647257050539.929
3003,47644861783500.83,194829697887.38843,3422617493604.4297
3004,37858502851745.484,206088122309.82178,4139606086688.567
3005,34160635901526.574,170402202937.7605,7557063976823.948
3006,61876317670222.836,148226006152.88916,3797756909843.9604
3007,28535093599531.086,282332045187.5071,3651692679344.352
3008,55868811825226.47,142493900609.4187,4667676722361.748
3009,43518398882970.9,196032248074.4248,3922992939517.8716
3010,46727133508707.22,182933555115.66577,4078737377456.6235
3011,34109977455017.14,208642109847.15894,5208449214629.78
3012,38786523246107.625,161585014655.27466,6979309961192.119
3013,44593929672422.164,197657428575.6599,3741469533835.5864
3014,52454076133663.836,188550180464.93604,3174062226330.952
3015,72038772580162.33,146228767535.99976,3540505801690.2764
3016,48580967144969.73,177072836095.989,3978626504628.1465
3017,42079623041115.56,221951418685.38647,3385681793928.474
3018,30971863156105.273,222085572141.03516,5363682694643.903
3019,27760577455933.22,285992893356.36646,3589529394033.0576
3020,29480849169910.703,334116269377.03687,2673203391121.133
3021,44446123778855.125,204328328339.82153,3477715742781.944
3022,37428687206091.05,170067815691.16943,6526861579742.576
3023,29302611649407.273,213799691263.65723,6064594495781.247
3024,45629964200571.22,148297739692.12964,6011316146988.692
3025,74197943860451.78,120230438631.9978,4216202089308.4224
3026,36183244056270.375,251963033375.57495,3173241435667.979
3027,58743293793409.27,197619238855.82544,2714142552945.5396
3028,35647642749216.79,213738780166.70435,4338019485247.136
3029,63388718097396.36,158735393655.2859,3124789199922.772
3030,29967933505889.516,225862176327.25342,5396251491410.9375
3031,44661428618233.0,162117160969.06226,5297308708290.859
3032,49525844587995.47,206699667440.92505,2924184528478.636
3033,70652824362181.67,121632560279.65015,4888105346612.158
3034,40354854397573.37,152230835130.01904,7495862985026.458
3035,44825838530871.1,186660474353.17188,4056470336219.701
3036,25066790753588.305,265929490563.0393,4865545450010.914
3037,33277448560175.15,249693764475.469,3743667800603.049
3038,27624706250763.445,239731850323.19995,5300708798649.643
3039,46674821465616.71,168320896427.69507,4531880423565.321
3040,23130709525318.89,282340035517.9238,4671483712225.385
3041,65253924559913.44,178021964680.0503,2771116286527.774
3042,62839153043692.14,156658319160.02173,3292631089004.105
3043,42969335439226.78,202946301357.8069,3561179913056.9956
3044,23951017792472.242,243407731369.95923,5935564567329.07
3045,34528992720941.316,195244738433.92285,5852314612537.227
3046,53556141165934.56,191871187862.82104,2914765225705.898
3047,45261074288496.516,205931840136.63208,3421694157817.6772
3048,32134333963795.51,189286930698.63232,6597210824072.895
3049,27034477157891.555,250023785278.7942,5040630012478.697
3050,57103459938771.22,218192650797.63647,2391792105977.2056
3051,46576845545233.36,193315749281.2827,3611746226619.744
3052,23549847541032.12,253554722973.96045,5596970060021.334
3053,54051312692095.12,163679042046.96777,4032861991200.9287
3054,28091449098831.63,220824745316.22363,5916063469620.323
3055,42048687162694.79,248225841886.03174,2777341232816.607
3056,65029454767064.9,128216800954.55835,4824847495791.261
3057,40083760341515.305,179634279487.91968,5159479451786.021
3058,39663392693705.65,194998112772.27588,4466228141227.859
3059,29805556128560.566,199306829866.68066,6500184660812.086
3060,32375678595679.77,212627357863.1682,5398690087215.714
3061,41336835828774.97,141511081560.08862,9621683424905.559
3062,30082184538721.117,190296476836.2473,7113302348941.094
3063,62913727493487.86,121757357792.2146,5635537045630.801
3064,36217769110754.664,334465737776.2837,2489430970982.7876
3065,32931355051676.87,224422418842.16016,4617222039205.015
3066,26057695573292.523,268473964141.656,4613883906308.149
3067,50216294622753.77,188440061545.85938,3403874653367.753
3068,30436115266452.957,237862239095.04175,4646927862035.128
3069,64832526842513.19,169196673494.927,2941310963445.1475
3070,26138849801679.67,263564919090.0327,4715752975680.664
3071,66842152560396.02,151850682061.84888,3417285134298.181
3072,40334925494584.95,235805134815.13867,2994160775913.3003
3073,72897424144331.9,147888389442.54175,3470193445063.1284
3074,69275395725168.69,116772748182.09082,5453583862168.32
3075,26077596310554.703,268406335468.32593,4610426566830.066
3076,67643785948724.38,161725417142.00708,2944969153485.7695
3077,60300215132884.9,150104855939.31934,3832298301233.5615
3078,32133639012749.094,207780204213.906,5722519771095.641
3079,70036510959270.13,117240335220.95312,5410882161706.26
3080,56284531218037.96,134408118334.74878,5457339109016.601
3081,32811185779884.01,217669885823.25366,5198190523299.6875
3082,28303970165745.082,246001933721.84424,4776103761587.524
3083,51463241086294.086,155365420791.36133,4607161985559.108
3084,32941057080456.242,209315311000.6372,5420931440675.134
3085,53305895532373.016,143482711016.82373,5337584273616.8955
3086,44493186042953.76,173040521806.39648,4722610526066.677
3087,22012941760421.176,291148341083.4038,4589259281372.258
3088,28793438140046.168,249353944335.32837,4588824877640.867
3089,35273559052319.984,302740446710.35156,2668177860577.0737
3090,23278748817100.414,232871099193.6233,7138321092965.95
3091,20825744197097.64,291746925258.4302,4842696537484.372
3092,70717968844251.39,115816297573.7107,5289166647840.025
3093,30706247262796.793,194488002469.4978,6645776488846.509
3094,61952261684419.8,125301525566.94263,5535177297803.609
3095,30601683335639.895,276238484558.8025,3422373562447.5
3096,39160608597012.52,167728631284.69727,6100902326982.045
3097,41224489650785.3,182504792930.48413,4665861780089.723
3098,47871504518622.91,170489994821.99634,4302160197106.508
3099,56809266232994.55,165949163103.3452,3533613135025.5923
3100,40194564059793.79,181578901723.1399,5131583752637.414
3101,31001948181227.47,230905097843.59497,5004730384302.935
3102,52598401896407.39,189447051454.17627,3159660299020.0186
3103,69479182460156.27,117821541526.89624,5391893947501.565
3104,57186002153935.92,164172220530.85962,3580409863226.399
3105,57074703270753.2,164589862698.39478,3580668461872.698
3106,45792788662852.68,230013851077.50732,2812598279328.7134
3107,38033397221305.08,175672814884.47974,6118606630561.071
3108,53146345703429.305,161134667892.8911,4098792167925.941
3109,43831764853817.99,190011137715.35913,4071271108561.2456
3110,50862711930440.61,163335358357.2068,4450704924827.996
3111,22553291428940.98,290962508420.6008,4462445898682.189
3112,39445233764379.25,220478883732.86523,3701920640870.338
3113,66316740571224.18,126508019350.97021,4685639913836.22
3114,44741845739682.086,239759451202.8794,2718447001755.092
3115,66727376049501.54,129073540344.13892,4641164553852.775
3116,42446877482418.26,152307633735.47632,6833919476500.513
3117,45310338369858.48,175836711709.54028,4376354976225.1733
3118,56705268547916.234,173842920628.0088,3035515758135.583
3119,46933887155045.68,144934160782.4917,5990140138090.0205
3120,27834213071247.77,207876337967.3501,6864819589386.394
3121,58225351405233.984,173078873684.68994,2889111007461.241
3122,71540334429940.12,116698390445.61206,4967214705586.235
3123,26116310673863.824,273022295679.32544,4045720763408.42
3124,55562237809385.51,142973666595.71216,4507127628984.33
3125,49234024013236.03,228457614590.99292,2602697835999.485
3126,26397053416140.684,256775261987.51367,4985443376717.284
3127,32950622699283.344,223038159019.09448,4622256144323.912
3128,43739230359681.01,253932789942.53345,2510017615783.6104
3129,35263452679098.21,194607027713.35254,5612102992298.74
3130,52402429859445.586,159747114827.74536,4275775065214.5933
3131,38673335043538.33,218708458786.29272,3836206593655.767
3132,55940400196504.88,156659052381.1272,4040838303628.6045
3133,33179252186125.254,255475435642.34106,3560687289783.065
3134,57318537632065.086,173440853751.1565,3030793867673.217
3135,25407792935678.84,305087422943.5957,3641012639512.926
3136,37930043488490.55,226804306523.66626,3602596651522.083
3137,44879368527553.53,163233509249.20142,5030337432376.997
3138,34870237158155.484,268473248324.5996,3024019620213.0625
3139,45493678862638.375,177749972438.03442,4268108262200.5674
3140,22723340668776.168,278955689698.65015,4798414565336.794
3141,38242258016679.93,173197130523.37646,6317868417940.513
3142,43408017440094.38,142366168295.48584,7183279059171.434
3143,33993725200732.68,254267455586.08887,3463885875200.924
3144,45399393399650.51,151312484722.81372,6025491565184.368
3145,44382967008234.09,166123737835.59302,4949690220385.975
3146,35176189172049.027,240981173525.61133,3621914529157.8154
3147,43012612179916.02,178998136665.89844,4542003440460.646
3148,40428726748320.64,151087731608.39893,7279087988379.441
3149,48603403269814.42,204946691956.0581,3076409807599.4272
3150,33229811998347.23,262330304259.65698,3381094668735.3623
3151,27439256867470.117,208536759039.97607,6967745386751.278
3152,57386763185945.24,155548566213.11157,3945833833481.2407
3153,28080512165365.67,302067200711.1614,3134945057572.8203
3154,29055598929650.504,199616725062.90625,6963802535792.696
3155,32904872925440.207,190433431949.52417,6398534430567.4
3156,57200072790874.79,138594343041.5061,4622953691535.864
3157,36093556384415.26,200694869985.0874,5136046233799.793
3158,27839172141420.633,213235307016.1089,6270348063732.561
3159,31781614799031.867,299851336067.82666,2885821946851.1772
3160,51560167023344.69,158756820679.47266,4386457672348.206
3161,46295500694014.66,161157391472.44946,4951246062361.153
3162,26351738730577.684,279600348308.5945,3924217929955.022
3163,30905105338437.86,198388552897.28638,6373045288845.542
3164,31843667672217.35,190659881108.56665,6551467188905.22
3165,45400559249350.914,202133404189.0017,3371215415862.344
3166,47414296203245.375,194394273579.13257,3457332619459.7397
3167,72478368538077.9,117722610673.20923,4732275501155.635
3168,62443781707039.52,134566456128.33472,4816719923878.263
3169,38643169220171.26,182935529051.5476,5401176343370.835
3170,42712036247996.51,184451167934.4358,4417743809926.202
3171,24458115867111.72,238692784676.88794,6463714221635.645
3172,26247158484168.707,268416831487.10986,4539970672161.744
3173,26301635106023.395,253674675238.9287,5160187045028.99
3174,32289719057030.24,209831441165.3452,5629493019323.76
3175,40788593662799.34,219639852500.94604,3591848461182.751
3176,66185574657669.68,125581083793.67358,4757523196110.905
3177,54412579040588.56,143405495737.82202,5095865623264.244
3178,43379194204678.46,191660719711.20142,4153691580772.951
3179,35137477091154.08,262178389425.16968,3145322244846.7295
3180,35986468352799.79,286717447490.427,2739796944636.465
3181,53695736769250.016,156088543950.41943,4204993944675.28
3182,24928358572227.68,315009515259.6074,3404512570848.144
3183,34119924705801.83,319875931638.6731,2596191299264.3535
3184,39600275390028.914,177511576658.12012,5430140801931.493
3185,47828998394729.766,181535971884.45703,4047756783158.992
3186,42828189685205.55,145837212190.98267,6971289011356.24
3187,39157847668119.94,227535563519.3943,3552630393693.166
3188,44644145370122.66,241351158622.21948,2723825084948.563
3189,31511311515683.45,233101577019.51978,4645680909116.7705
3190,37389601478365.26,161760514282.0996,8057348278574.133
3191,41525289207792.94,151756051733.9275,6918859906034.622
3192,52158631001605.055,163948128138.42212,4191172351649.686
3193,29779534203549.406,197934437029.82983,6529786272722.115
3194,48754249598669.69,189523388311.69165,3626778586422.8267
3195,56448363057177.91,148070508146.302,4217677808786.516
3196,55021771798852.94,180230323979.76245,3126525192250.5347
3197,69872549613937.266,149906892494.4265,2862068317801.576
3198,49725788842583.51,224320505461.531,2616738049379.3643
3199,27207115881890.617,226337893391.0337,5955594326665.889
3200,30788705044381.555,239080049937.61768,4607908836242.141
3201,26707171848916.08,251674189613.5598,5136910511593.931
3202,23409107463708.184,234909840800.2976,7130346792952.348
3203,53701768900140.57,176148541148.88794,3528201022805.851
3204,52395616723352.23,180403077618.81616,3544353708239.0137
3205,43595921289529.64,178851027239.36768,4540305986947.752
3206,36991847222666.52,258322578829.86353,2909257810332.1943
3207,31085937458088.73,196969962170.74634,6421025969831.241
3208,53156168802405.56,165010153440.23584,3946605703957.3955
3209,46350262922165.414,192048388425.96265,3754199988603.273
3210,27321799084158.78,285245855149.7976,3719031455431.1
3211,65062280057285.23,126071695625.17212,4899296717710.274
3212,72539138576751.9,114269600190.1936,5020315369511.037
3213,40725704758259.734,206030859845.4402,4020277147731.3193
3214,59047522279181.945,195809936082.85278,2650958741615.541
3215,23403492929790.81,303189283020.3301,4109821664216.5083
3216,23843717645266.164,249818078051.8662,5653195016604.598
3217,31776497590661.117,242715877000.30786,4070331890421.961
3218,69626435234525.77,125647043188.69775,4708796821301.643
3219,44080320729770.414,247450256797.54102,2601100924863.113
3220,40156639474265.78,151528197178.08667,7675852322025.761
3221,41087587707142.69,163878168330.75293,6168344838111.046
3222,35924376920858.8,217756472304.03955,4199162995667.7363
3223,31002674008433.832,230831609248.2798,5006549036503.946
3224,54064031783704.766,150642158042.01392,4436677116420.632
3225,71241034257833.94,120000461186.5061,4910892686573.546
3226,31798451465603.316,228801977891.1067,4954154131141.166
3227,51670660581096.15,146259403198.44458,5422566273197.75
3228,32947558019746.56,223014083309.81104,4647005872332.405
3229,64784090530051.914,124770882456.86865,5207680053777.487
3230,31641721171359.44,188192023275.91895,6721784649863.401
3231,47833991043280.45,235901324445.5569,2510567268547.0664
3232,61785800248696.44,126455244598.7439,5529920455536.186
3233,26053000936509.4,272220805060.86377,4136644483504.081
3234,29063631882137.82,198834359771.3767,6985290311033.323
3235,25944676654299.914,257757041813.4707,5018664310100.641
3236,56779799607092.445,218800704032.2207,2407237523586.87
3237,43931800219369.8,137767806446.3357,8887528472404.104
3238,25443267767979.51,292044831492.5503,3761691758985.5947
3239,71325138590429.88,114314335931.5415,5245683383249.799
3240,21755642771422.68,296325269559.21924,4431295749699.07
3241,67990094462568.914,128948377830.05493,4370686689172.048
3242,26734610861895.41,277735806518.10815,3893669034385.288
3243,37464594689490.62,186714566454.4165,5502211211390.653
3244,39531890205384.64,227541329579.25952,3520558270293.3286
3245,43868872568689.45,202276006248.82007,3775435039686.4297
3246,29502646831290.53,187884531321.24,8484157274830.982
3247,27260114722671.4,216782361744.05273,6551755431161.277
3248,35180197620352.184,201340372166.02075,5236335236948.95
3249,53773559569062.71,133728273821.17114,5928688380542.731
3250,30780101923936.52,228335846161.2932,5182544764118.474
3251,29700801187518.68,235371009818.48706,5076592069926.337
3252,26293510127801.74,282048485302.70703,3928026238607.5435
3253,64453722246619.0,156752835621.25635,3206664171613.4395
3254,49115581427822.55,217901201624.17188,2828900058340.7466
3255,48229576021081.64,212398103365.86475,2928899416424.907
3256,37590827179793.55,238275652480.88013,3402129688558.025
3257,56566093030838.53,142978968987.2776,4484094926232.936
3258,42701937395758.38,214339024592.2644,3477808118881.234
3259,25592334281592.887,238987884069.3308,5777253547723.342
3260,38642267111944.97,183904120380.87964,5205909349598.036
3261,39289107241175.11,174314094354.17505,5590359618288.871
3262,32396440302808.78,263977611986.48218,3545821925316.6494
3263,36567798048456.18,184648997014.08667,5756636767649.235
3264,31491308415375.094,200033221886.54565,6172811613514.728
3265,65710905132020.44,122552684222.99023,5109811500617.244
3266,38884887339577.76,172975779063.93433,6205784432658.938
3267,46128620370724.484,150896793098.53027,5881144882288.849
3268,49408497715331.195,189812404002.5044,3511504895874.7373
3269,37012291860136.55,286967992353.56665,2704239691337.128
3270,29258129455602.277,258580574055.87183,3824747121848.591
3271,31170093109859.66,197564976051.7251,6329206327609.439
3272,33668431766322.504,207522860963.81763,5242743660695.316
3273,48362642833514.72,146656984074.6194,5469434072080.336
3274,30406868484609.58,279844204121.4697,3330853260658.9937
3275,47457380214506.95,146543328563.49243,5938920112974.295
3276,41718486044651.81,152584654745.09937,6867892396862.624
3277,41838444895986.88,158397839310.26587,6315682105311.562
3278,22356503262252.934,277597664467.4712,5334691434461.195
3279,54992341066899.734,143493478668.19507,4640458041737.423
3280,42556844686018.11,160658289025.63013,6171743747152.731
3281,48266171055275.28,209538648534.96558,2972263830908.598
3282,34076944373941.08,211655721142.62598,5104809115031.742
3283,42348766567198.32,164555648214.14233,5584325221075.242
3284,50741923601217.02,192289762729.22974,3358281918575.7344
3285,50608576426977.234,173984125413.07642,3894495060289.8687
3286,43309513889915.35,208203300867.0603,3507212505223.402
3287,35948441087832.38,306838656334.18286,2642639735863.627
3288,63113284379467.02,126105609639.01733,5223113073711.139
3289,47231381882638.74,228653716599.91772,2684752088143.889
3290,27711353394613.195,244419374559.63477,5067075410203.675
3291,28517796369174.152,303808508171.6931,3110759139681.3677
3292,61496843918592.555,125290204887.3396,5628005629916.523
3293,43240355928737.875,243009963637.64575,2741522380311.309
3294,59337400087315.51,127629291188.05518,5955684495878.267
3295,32015777951608.957,239328917655.20264,4122907405172.645
3296,48572172181156.6,205554794399.75317,3000584519652.0854
3297,65704946238014.16,126504436806.75854,4793212713189.935
3298,53564343130213.945,160023917454.37842,4068096538995.9863
3299,27914803763509.973,309102846913.06323,3077705170591.044
3300,53577884603868.3,151589053735.6897,4516173152830.031
3301,46376361818717.16,225339878690.2234,2855906926014.7065
3302,35658790987521.96,189060842471.68872,5830723888825.411
3303,28701311773023.703,238397830737.9568,5159539178908.266
3304,46445910053746.65,188312668531.7605,3822131540482.011
3305,54655492264531.42,155207545378.91357,4189918808947.219
3306,34030369391931.336,212992451781.979,5090537164789.4375
3307,28568802744417.906,243372527505.43506,4979843883937.199
3308,30738891641702.176,207636032060.7915,5877305050961.955
3309,61461951805875.625,125663435981.94458,5628379545690.168
3310,34761552279968.992,214266424337.65186,4752074956362.031
3311,47313335674392.17,187586399965.80566,3700179018229.3936
3312,58243991486925.8,160067273248.27075,3680264718408.6333
3313,24600837013738.414,218945619598.29956,7415771995511.017
3314,48274291047442.42,228964707220.6753,2668877731505.6357
3315,39579268019734.29,224648145230.2268,3506450976180.948
3316,44274310470871.76,210699729385.12427,3278141384591.709
3317,43719563985712.2,206152463803.4641,3528550670342.236
3318,37822730537478.75,177579267397.3308,5814049173127.258
3319,31941235240103.03,299200498674.74146,2885230366844.7812
3320,56874101623745.23,167985933422.7893,3313953895987.4165
3321,41750288461010.57,213583131657.63696,3603224153232.8174
3322,39886872697852.2,162052910070.5664,6349243991426.397
3323,27612024687707.49,270054711670.45947,3758140410856.248
3324,42293407738142.125,202057353988.2046,3868207110255.547
3325,42859590964594.13,198900491295.76978,3967737908602.19
3326,38081678431271.41,186904228632.7544,5347953946409.789
3327,28659012681668.67,244398012380.0952,4871371203810.609
3328,34889057543521.74,222242218775.55444,4170915336607.7886
3329,55960773357402.55,174237522524.80615,3183396457445.936
3330,34299007701646.96,248850676384.45312,3528202610862.583
3331,45572594601570.14,178833884526.8286,4231772333755.7065
3332,31245161639223.234,270939982264.74683,3527331432966.3145
3333,50660096838423.234,168101425852.33105,4004269116152.705
3334,24936304685010.152,266433501632.85474,4866813080137.945
3335,31749279971207.477,263887057492.427,3606527785756.9805
3336,44916431186488.24,202005691992.77295,3479761849927.0566
3337,42125845453290.18,183466913655.6306,4585618051829.481
3338,39145604173437.48,223079283631.8274,3684158223587.446
3339,44748250912300.28,179906458820.04907,4294773975897.7915
3340,66111052331190.35,122402353581.81885,5147664896604.316
3341,37460875613492.555,189743925971.23535,5361556813873.309
3342,44828612959209.98,184608783675.2185,4086522058142.23
3343,30968497733980.816,224818056673.70728,5080872408294.767
3344,52660064521938.8,143007348984.5227,5411207575486.938
3345,25544284428840.78,244072436318.07495,5365571174898.31
3346,52288878861424.516,163469838138.69507,4195088146263.7637
3347,29866293273465.2,282445375883.02075,3328699429724.166
3348,35936125727861.414,212012498699.1394,4270945202269.371
3349,27245553406748.81,215404091401.4077,6634054811315.106
3350,54757354894182.57,180233196061.47998,3195193831352.465
3351,62124922332138.21,127792143912.59644,5210635260473.593
3352,30746177443800.535,238640322039.04468,4613885642953.586
3353,54208252975940.99,148699493391.37036,4546299610384.175
3354,45327602664797.305,162501796617.93994,4901684401212.015
3355,20198458743500.78,376491229760.39575,4398608885868.247
3356,38643381324216.625,182546587795.0725,5401617490621.249
3357,53537196179646.61,144665359919.0564,5257169614028.142
3358,46749536479613.234,179650763939.4104,4151884553986.997
3359,57442905005365.47,137780427730.1167,4565143320330.037
3360,26906738253712.85,218201038756.87842,6571898412232.982
3361,30611438554764.086,197107003805.1848,6502473662217.756
3362,44502393928916.05,167757178964.94336,4868780606700.858
3363,62213466712049.664,126392050253.76685,5522606002275.965
3364,42528244199205.68,295741411410.22656,2375204606651.3477
3365,21518743436840.234,349404044476.68677,4230098451320.208
3366,63843281328862.16,132340368316.81519,4001190114788.3555
3367,35930097424669.85,217193459749.5415,4212080707897.242
3368,40746732224696.39,176469894314.9558,5161986581348.675
3369,44880158837575.625,286104132131.2085,2447798060559.047
3370,30478533662917.188,202896259646.05127,6153474586080.585
3371,31667273338910.2,201088994906.28345,5989053902623.488
3372,47417332131180.5,156886896387.63208,4932496863288.208
3373,44008438031046.27,158346759336.95508,5984797422159.775
3374,58083159784905.5,141222750976.19604,4389082017119.733
3375,27095434331618.94,324499239755.5044,2892299927305.861
3376,42634883579276.9,294221742217.2449,2464345493894.0625
3377,36905083791810.43,192562699540.9187,5207653438564.534
3378,52906322596760.375,211219050323.02368,2743669074220.7563
3379,49747011416551.83,222599159837.10132,2674118007974.9824
3380,47080816916964.02,223850754227.43848,2908955093947.5103
3381,25531910469103.03,254021916872.88232,5262216240240.013
3382,21015572096854.758,318347428639.31494,4559342481011.706
3383,25744546916428.23,256550135692.81763,5047303581007.916
3384,40322884644350.51,152995608358.49414,7555475229326.624
3385,48963079770415.95,223445692632.42188,2667112439855.8057
3386,30686293273674.582,226333234577.15112,5294849627154.632
3387,54061167087583.21,141405039586.0398,5194438328929.591
3388,30021280265419.637,202110780362.49487,6450335194007.919
3389,29786864484154.02,276705119009.47705,3602291325907.49
3390,29165760096008.504,284015699722.3335,3351643020341.58
3391,57079892723999.24,139624972119.22266,4524292084187.663
3392,32807043380788.387,191158789557.95728,6383546985697.998
3393,56092477438890.2,221881887979.47705,2422083544452.522
3394,25623913999541.54,221195171024.63696,6925230476403.493
3395,45565670019631.484,231538221747.0337,2842264254301.242
3396,41083896680928.67,186149096308.2942,4689384358067.668
3397,48350670318300.31,167991854146.42944,4416294361225.65
3398,52378020329738.97,161900089909.84546,4188786885107.0527
3399,43970846707778.57,180568003411.8557,4470833170222.039
3400,29293817023621.062,229284175179.38354,5450273283857.528
3401,74058626034682.06,127614445209.68237,4061488991964.171
3402,72184102759562.0,122606911205.98169,4578427048134.084
3403,58188999285397.14,159003939686.35327,3707808275837.857
3404,29922306424399.566,202725051487.47583,6362627441321.416
3405,63588485837170.945,171427050045.39087,2857836012804.693
3406,65915942899638.33,176935458255.41235,2736110057464.1494
3407,26568773923479.723,262780146853.12402,4697893939822.711
3408,60708186236238.83,146789201463.74097,3839371985130.8467
3409,59561762851981.02,137392314646.34692,4376527399602.5425
3410,27170259830233.336,280456981273.63403,3851433506331.9204
3411,45863524451039.43,241225737816.0913,2544679474580.2266
3412,26188202182241.418,252085456262.04565,5174434989772.792
3413,43393899911523.54,195450985319.06592,3976694917554.2466
3414,26581336987819.367,244664765321.5459,5327431703854.12
3415,23804118680878.266,227233291206.80347,7113596541631.662
3416,42596700213662.27,194737897494.32788,4065831467178.917
3417,30464311770847.805,242693220143.22852,4578005836335.403
3418,50496047388083.055,137723532414.42944,5988258525276.308
3419,47719839444233.32,287999525340.4829,2342760683889.502
3420,46305290930429.92,186814547920.55444,3930682356481.3496
3421,62769661338894.19,126095737618.46777,5374313208101.755
3422,45774173399912.62,162370792190.02295,5003644882417.834
3423,34069051136837.49,241748028005.74023,3714425577268.491
3424,49294115710166.63,203502894778.95386,3008533976602.805
3425,37970106200352.0,187256533932.66992,5366348956668.2
3426,35492726778111.77,229144447208.4402,3859956586094.39
3427,20014076800847.68,316599591781.77344,4972430904703.18
3428,39619279007377.164,213586796865.68872,3734069185126.756
3429,34163169558414.168,224079152527.82666,4157384403215.702
3430,28528261991654.58,284781068124.69824,3359287448310.928
3431,26691432115624.883,224250407812.1543,6303932889309.54
3432,26411645574557.703,251797563620.1731,5172273505174.034
3433,57587067660433.88,154323063634.57935,3899640664989.4497
3434,50349179191178.195,190877652255.33594,3390443001233.6387
3435,23795811670187.7,241529350707.39038,6027963517730.085
3436,62115495107413.63,145172460403.1797,3769138708945.013
3437,28875228416804.18,210257038026.39746,6282497088339.03
3438,33188807233064.85,172427464666.8025,7638335971908.389
3439,58878888661493.24,155830573442.13965,3651586839857.091
3440,24308418564227.574,244579862158.3235,5684188723733.672
3441,39682644868988.375,208439927546.98145,4074052855648.0835
3442,57726581093570.3,173310507290.6289,2920747191049.6616
3443,25175649644377.355,225621348987.5437,6691849981438.842
3444,32983633008406.023,185972539598.0918,6625183491223.448
3445,37442603059366.61,245161429344.8977,3228396128358.95
3446,38257852078395.12,181800406079.3694,5636814388629.4795
3447,19963271205526.61,323820836901.282,4943781976956.368
3448,27465676628073.04,259177302049.97778,4610862570559.284
3449,28492054188366.848,202091275405.78125,6997223580849.647
3450,49555217585480.375,226685859413.25195,2522273705380.9663
3451,56674732010355.17,171820500277.05786,3105277149841.1226
3452,28664798343202.492,201515420078.8059,6588331706446.816
3453,48039277366953.28,231371941405.84595,2636745147734.143
3454,43218590659078.625,153716990808.74487,6368239010885.677
3455,30081661066993.594,304989214028.86914,2889779816650.7227
3456,35657918745067.84,193323175069.42114,5497429223149.007
3457,29342458010196.855,297675143793.07056,3099712261909.1616
3458,46535048063521.95,185473672282.64722,3970996783557.371
3459,44533736882734.73,231424624125.8955,2951973245146.416
3460,39011253430965.9,190467905776.8164,4905279364457.18
3461,45714184003964.04,154377110680.5476,5506532413335.003
3462,52739953618966.234,140850835351.09253,5595015123564.305
3463,25386925595435.83,285872756070.06274,3927260432876.3794
3464,34816210345454.242,201767217668.52002,5251290011586.154
3465,49747992973202.88,176685553584.24365,3748595787602.055
3466,38916533945748.914,159217961175.4685,7164081531623.737
3467,24810569855459.125,233039230719.19995,6666225618774.577
3468,37876640533655.2,281154454170.7905,2718514688860.947
3469,42124371290671.664,250141047023.4939,2651078370197.1953
3470,24346561567251.39,286964624228.27466,4061282350363.44
3471,38074690040233.63,215273525670.40186,4032461533322.5405
3472,54620239105425.5,166177511146.2085,3759472858921.5117
3473,56406318085237.555,166906672813.22534,3446361678133.622
3474,33949162289248.707,242543962712.04468,3802676121466.3394
3475,31729108389158.574,245702145283.73193,3965617882093.796
3476,37088006503944.52,189922660690.77246,5418161301155.885
3477,33469338935267.305,240960904587.646,3803106746553.991
3478,25594089787452.69,270142875864.37695,4513408632992.711
3479,71439240270048.44,116349509516.0144,5044369274580.742
3480,29913032253418.03,223555283128.89185,5404310834924.816
3481,30730477965990.617,290873580663.77515,3030799956035.9585
3482,32299547096293.684,242317391239.05396,3983731971143.1914
3483,30427731394245.34,202311603714.61304,6359166239162.672
3484,24438755507622.086,281705994173.50415,3959175497856.2256
3485,50263040187383.7,131792009193.229,6311358534247.069
3486,37333207325989.65,162306175933.8694,7337253646328.593
3487,36512825112973.64,200352024267.79565,5075909186002.962
3488,52684456197391.98,158821975971.26025,4206742805001.625
3489,51171972081488.23,164150062768.7954,4260575652150.0864
3490,41750386411580.52,188539968799.59497,4394117916276.657
3491,46827119347146.36,187053456258.48975,3821837846392.1846
3492,49417217551409.06,220747751742.13208,2768578427647.1416
3493,62050916202351.38,160735276996.9187,3236242886184.5796
3494,46207575197217.984,211468997272.2976,3086885968266.329
3495,26385253730873.004,253113981470.4392,5125553874173.757
3496,39008283351576.1,178507330985.677,5478336796360.274
3497,19612069040799.72,319090487237.13354,4969144298126.031
3498,34464218498220.594,207241268525.96606,5196726781882.372
3499,44856844098788.914,208643623566.2683,3419001514331.469
3500,28654147905080.95,230212602624.54077,5548568490174.639
3501,35728742694562.93,190454299264.0232,5438400874694.81
3502,41958214453354.56,148745995734.09106,7132201214438.665
3503,32719320337339.797,211387809619.65747,5396082653422.392
3504,27656006363499.68,208440201242.29468,6916042753960.716
3505,27526235297301.82,284378338701.2134,3683003209489.843
3506,22250321960724.71,277836534948.0066,5392099755023.617
3507,25158986765975.46,325271842760.4155,3084315992624.7095
3508,26265725848125.16,197920820461.65747,8280062868588.065
3509,30047224444756.516,230428914614.81177,5207779824362.078
3510,55795871819094.89,157276335657.8899,3961403609765.6514
3511,62485974590467.67,133522331387.50977,4810054551564.978
3512,30821041010369.117,223294007312.115,5373696640055.995
3513,48337402822480.67,170930579115.39844,4197066123694.7905
3514,64536714283418.484,162876518769.14624,3041627777106.4736
3515,41083824720899.914,186221777859.66382,4688615066632.91
3516,45086471810830.79,167363167629.11816,4857635437797.951
3517,53670509041636.53,141502217096.14868,5362135355217.746
3518,55722766026409.42,146734734961.8191,4321427491122.8384
3519,27529313326292.363,284147544825.92847,3687473601982.422
3520,35552618148728.81,199747981584.3921,5261642794064.992
3521,36868684772668.49,203734356057.37134,4674900186442.487
3522,25407273581143.21,237867672311.79175,5888708595640.383
3523,39084798940977.81,238853947230.2998,3139621404566.67
3524,45407193237153.13,283695928868.4197,2365645208641.3755
3525,35525346669008.31,200047002284.55273,5261437106993.342
3526,37952124074791.234,175945783548.3567,5979868530288.032
3527,25552748646061.734,243408053790.57495,5385659714351.128
3528,37907505443515.64,234820458653.7412,3481299400541.9463
3529,41013845499402.18,206213261444.33643,3965688389993.483
3530,35534015825094.37,220224435123.0349,4175802127993.044
3531,28088373629802.934,212203705317.8069,6312604455645.977
3532,42475381383590.75,246490354604.29126,2651082081202.923
3533,21655051529859.89,300655622144.75146,4426659632990.714
3534,42787789854411.68,156005635306.93604,6348205939799.921
3535,33474953606645.867,245034324807.06152,3705439000313.085
3536,23418641678182.105,258359325485.67798,5478491879965.936
3537,41977469537166.11,172778351756.5586,5092484139935.58
3538,48594470129968.54,203665249621.03442,3103364436731.072
3539,52524904046014.89,158798521428.9104,4275998047433.2007
3540,34501250793091.555,236673008245.80933,3764289952101.0283
3541,53134632756411.69,162320581035.54907,4069443892348.586
3542,41324399565443.83,308340792881.59106,2419212713409.5195
3543,45854603506331.945,184777028408.6621,4086158082526.7505
3544,62263291922004.8,133885230534.37524,4849384492315.774
3545,28870138190511.17,280502068125.1399,3585057484441.5605
3546,41278518950665.77,212116158153.9314,3734730051162.1294
3547,31729146399821.027,205952244787.11548,5925041101580.804
3548,25172253519454.652,237447154747.18384,5954991003844.85
3549,31768734346757.66,229480252147.469,4955153116486.856
3550,39437849724382.71,211935041823.00903,4028744093306.637
3551,40878118282405.07,212145965122.92847,3717945607231.8877
3552,36482117842110.37,222669320095.76343,4041592582021.0957
3553,32282361932582.07,227143157526.75122,4198384757085.0117
3554,41625290861742.1,150925967993.8606,6915256408093.417
3555,29386827637868.984,180985949303.6936,8545382587937.318
3556,46981061862032.164,186418882044.81104,3851757531908.57
3557,52155400353468.08,159645059314.83374,4341251368457.996
3558,55838354917905.94,141824298583.44727,5161213915909.547
3559,54794986176766.78,154462583215.21655,4166551103412.004
3560,50576941661389.875,160120998995.12622,4548261737863.369
3561,39816520329503.914,164325691397.21777,6393185439711.686
3562,29928613713947.043,240310500402.83862,4656968348924.188
3563,25771972666420.215,259084150322.9475,4971689851057.495
3564,55046247097607.11,144409720584.17505,4498114116196.038
3565,35786289619588.96,196328865583.87964,5424591388038.58
3566,37944378491262.65,233164177469.57446,3546803268549.7275
3567,53662280556715.03,173334450184.82983,3615432700333.2583
3568,53447315480324.445,201023464388.84058,2760215198997.611
3569,35983777337499.56,247293694448.60205,3315841455281.1514
3570,54066090630197.98,140952963557.3579,5385954436893.81
3571,39372051367216.8,215280896982.80225,3845327085097.249
3572,33014728123011.098,184153280764.93408,6712488693305.2705
3573,29867888257388.867,243728232003.3401,4290238125357.126
3574,42796135198065.72,148387060573.13257,6952704049715.022
3575,48604614058858.53,222136596068.2517,2726779497285.707
3576,39377026097487.77,176096099877.30444,5495603098829.546
3577,22258446332285.977,279388795053.4934,5009465210592.822
3578,33870923142236.68,223876445505.0056,4290891808873.198
3579,52155988698344.3,146058309268.64404,5350689130823.237
3580,39129895953984.39,170560232814.4939,6246558650691.923
3581,54637118858131.766,158071361192.35767,4063052499685.8433
3582,32619805040469.75,181038628317.19287,7155244629695.997
3583,32700425007731.453,244131260451.61475,3771258616979.367
3584,39702464890539.31,152577798618.81958,7614857748152.966
3585,36202643870820.65,279535478074.42456,2903132342154.159
3586,32370307394139.605,254765527352.87817,3693430559288.6646
3587,53926679998786.36,223505925251.86743,2489638942102.482
3588,41491821055259.8,158705532527.09033,6535523369794.533
3589,36352357747842.805,196768180121.57397,5252852554080.949
3590,27812497723866.203,230641963910.54858,5818674041900.022
3591,32427891579308.938,186647093427.20728,6752718457954.444
3592,33064862763702.67,224387554255.21558,4382200717772.361
3593,46205915700988.34,190437778520.97925,3841576783431.808
3594,46813178162103.73,191236854777.0603,3702706550019.916
3595,40383838185525.11,200171738618.69214,4243128216454.2114
3596,22357748652857.855,245636219207.33936,6265474607658.506
3597,44493143864610.34,185840098679.4734,4226813041414.472
3598,42023301542164.38,157316562402.4724,6332272394500.185
3599,54976738792287.375,135771894469.79321,5421411599959.563
3600,47851091197372.38,194517379631.06567,3389816717577.291
3601,47998429120071.66,143276136704.22998,6032851498955.687
3602,31766005677709.027,230387375711.23145,4855889544947.567
3603,30170415043690.516,277743349032.9817,3418521842858.869
3604,27365038779048.38,258145626247.58032,4689834787166.442
3605,40846162545677.41,234667817590.18604,3167354452763.433
3606,47370907419689.38,214512055143.51855,2922087268385.514
3607,66006168054387.39,121927696245.24023,5151984634289.537
3608,26355900949152.59,217591959095.46338,6838935722369.411
3609,35732458820387.49,173018645984.26318,6858831798164.094
3610,50150494759022.54,191379313870.78125,3397864424647.1733
3611,59660727339935.97,122306798882.17969,6136992725741.67
3612,30751098409822.71,196699896329.7273,6448186190629.591
3613,42767699479046.25,196803820187.385,4015390224188.524
3614,38488639950571.1,203810727733.8025,4455833288419.699
3615,47118272268934.625,230383575249.15503,2707443446189.808
3616,30777390941489.42,229023118609.63867,5154300088672.901
3617,61680847737425.84,124570315383.58008,5624266830986.913
3618,37955029141772.55,186249062750.10767,5369039671244.747
3619,35057259717931.043,203597994432.50146,5221750885382.15
3620,36033878048108.47,228878467754.3252,3967278277031.142
3621,49531775381915.34,173574576583.75757,3993990503053.779
3622,46537276250469.5,189456358002.4436,3798586082018.293
3623,43893436655104.5,202074958133.28882,3684399428372.7637
3624,45001404251600.39,158542183045.30835,5395821118003.267
3625,38389759126174.81,181503735321.2068,5632253965011.842
3626,33337899675683.97,192029490448.01978,6138749394231.897
3627,24928172774170.746,292636153028.81006,3767289276843.3213
3628,33659435921523.62,207356413427.29614,5376440950904.357
3629,39380581256378.44,264868084806.32227,2571229580894.192
3630,41648637584847.05,205622847906.33984,3759989476247.4185
3631,53236185015878.87,168126329112.44092,3770724480877.9395
3632,25474757318953.32,270689892018.36377,4615800811940.897
3633,44286894089628.555,190366370270.4878,3979091718940.9873
3634,29739483758544.37,283133743366.14575,3382219904059.077
3635,34327300481137.793,198472313587.18042,5761621116934.361
3636,28235014888177.273,300771836057.9507,3200063013696.5903
3637,32689391390335.29,268967973270.69702,3099467690770.178
3638,40035269047941.3,163098836365.885,6306771885483.759
3639,37828270920633.984,160861727643.85278,8152872319676.376
3640,55678120637151.84,155970770072.8667,4063683047637.491
3641,53415777910820.77,201389081555.24072,2769250404208.522
3642,43924911431792.22,183912830827.79614,4438121683779.663
3643,33115271031824.03,170126081243.96948,7704786557872.827
3644,24709426735992.9,269313807568.98657,4786068794471.128
3645,27790832435338.04,304051877959.7732,3155927925428.0137
3646,27098229480832.99,321421138314.11255,2940757035952.521
3647,22077620857035.414,340607524992.1616,4203756866696.3745
3648,27065609106649.293,214031425771.16138,6754455021237.289
3649,64166457597371.42,163931949291.0166,2989867655006.536
3650,55489771548381.75,167538639501.6814,3625622972183.859
3651,32352424439501.227,187716996246.6089,6726407684960.166
3652,36062265844178.516,196268400381.04517,5361899602794.023
3653,22262910448953.14,249014104377.14868,6245738358761.36
3654,42754502220304.266,153092530280.61572,6463180974233.112
3655,40257295853037.19,167236513137.82227,6062925699511.16
3656,53563415802849.23,158245739892.97632,4152650035950.9106
3657,47991372191039.4,181304924090.9358,3912078464452.8765
3658,52274645175931.6,158261848825.5879,4356590844376.905
3659,48387496477043.266,168364331373.698,4251406893945.6675
3660,27840704183601.332,207253168466.58398,6885566593812.08
3661,27814178375017.91,208292371861.15112,6862095472467.89
3662,47229254226258.02,228823219603.54248,2680048872285.4204
3663,40886439972079.03,208558849402.03198,3786631712754.3384
3664,71248653647954.98,120142593929.64624,4902681421328.433
3665,60293191012866.16,126746990966.51147,5780514301418.848
3666,38807414071920.63,193355940555.03003,4676287610780.841
3667,28316020703277.75,254469502761.48413,4524016197556.455
3668,21551652647669.082,344847140880.6682,4316049639696.2764
3669,29391386853753.934,240898047408.12744,4839240120526.076
3670,30211119591229.81,225767258152.37183,5400347085263.507
3671,44537416141394.91,246418331188.688,2526337274515.8965
3672,24564499802349.69,313326287773.7805,3561377410981.468
3673,60599661166071.64,123160487726.6311,5793907213442.369
3674,31645608051043.145,198005180501.64673,6308601903628.842
3675,42849128085925.51,144370893915.4585,7339061955940.881
3676,38630355265721.61,173018997240.07983,6240857820731.494
3677,23493384165720.53,270855193694.60034,4927420378452.177
3678,48357417902773.32,230170016263.89526,2615044015151.7373
3679,22726232455311.96,246187824495.12817,6067008601603.274
3680,46396987567256.26,205891456227.57983,3220838662612.8193
3681,22724283183526.97,276911342506.3799,5003419483136.172
3682,52108436822304.555,159988683397.21655,4305927557182.3267
3683,48368366792979.516,201765223665.2744,3271827580395.4463
3684,28802170214176.492,240227010958.6272,5026536043890.461
3685,23832512771977.16,245621677033.17456,5956165254130.46
3686,25491921782813.496,291702620733.0056,3636751614476.182
3687,35037768833058.62,201644373238.64746,5236039773477.574
3688,42628702061567.68,220403582820.39697,3301697721177.49
3689,40052023417313.23,220267972161.26562,3545088896822.0557
3690,55867355461619.22,159769355652.4485,3939366682443.0825
3691,44491314760163.34,173760313747.16284,4504636230282.51
3692,42235327076620.9,167205587869.07788,5528829794856.633
3693,31329436525407.996,223798882523.93066,5257575879255.304
3694,51812851730197.03,184726395759.67505,3424989096750.6924
3695,47486941819112.61,208177801578.11572,3130695831069.485
3696,28795465842229.957,232395246674.2583,5361046005648.134
3697,32807752939889.62,266175346673.3252,3223988098151.1626
3698,52109218975393.19,153914110405.6333,4592680429122.859
3699,39906245606118.945,156882245943.82568,6760863633116.076
3700,47441049980476.484,185418847733.5984,3884242937603.687
3701,35867727426316.72,195891415437.57104,5418975891830.552
3702,47052315464155.23,147546058765.99414,5972292503608.221
3703,35742962261108.84,198102727166.09717,5422699957787.356
3704,57860687994543.06,158036434248.2202,3794379345165.376
3705,69501008046634.03,117584088731.80444,5397626807879.205
3706,45442916934320.37,208043311798.02563,3289463887860.5254
3707,44285457385741.07,137222666124.53467,7859767258168.121
3708,60616603394412.125,128421787810.91943,5444607023389.885
3709,25052515284554.24,305114361361.0906,3613450729803.921
3710,33341151625315.453,208944426176.979,5236092165462.393
3711,34824796946114.445,249768659385.57227,3386835920049.0415
3712,28634092408742.92,191059219039.0857,8561943081646.59
3713,42899082000473.45,203947763452.22388,3750156330885.3613
3714,36108591667758.81,201957503161.53027,4941345444998.996
3715,46267600424922.51,223901161765.65674,2936048546235.2437
3716,52097370532058.61,150160911312.8667,4635873301003.849
3717,27783742221434.484,303222837696.4429,3213683280448.1265
3718,54284415114629.96,182453199128.80444,3139359796211.268
3719,34696800450098.6,219084123640.27222,4223822935225.2954
3720,55501009195198.67,174151843303.6897,3369064774372.28
3721,39587709000359.07,209425217939.8413,4058226773368.3047
3722,27621973402051.47,214238116838.8562,6555187749677.441
3723,33645838233087.188,181618046077.1692,6712385877943.354
3724,42994134841087.48,180524505321.8457,4663476909172.165
3725,25098546157874.43,314215682972.8013,3349972359966.1514
3726,43291636641739.03,177462805133.67358,4548859566390.382
3727,58919839830038.14,130527594415.86646,5810890430057.991
3728,45010572973872.57,142878484309.1809,6959882277959.153
3729,28132527045542.797,260374210709.5027,3957575770265.3354
3730,44505935748427.484,232508937459.63354,2930174830834.6997
3731,27583421706125.68,212318869864.0188,6760868500786.341
3732,51775066116511.44,160845581720.6455,4352300002818.952
3733,28482357400409.67,228802387654.70703,5594849758810.834
3734,54050923228111.195,177713169690.1582,3415063830861.1675
3735,23922050461722.773,233809825036.08398,6762613424746.6455
3736,26269886492419.88,324937901562.9734,2934876811613.543
3737,40543245599549.67,223100369662.01904,3333550350928.788
3738,33409192821582.793,234301740819.26318,4191636044489.4863
3739,30515615763851.844,206606235841.9729,5939658358543.115
3740,26449037929833.418,242138225422.49072,5406443897604.231
3741,62095822848204.8,124658363445.3855,5553702792324.251
3742,28363163951352.28,250911191979.68066,4587355097807.1455
3743,36540856982983.41,243510549746.98828,3425826466935.9775
3744,48751932434061.586,167296456175.1067,4275234830358.523
3745,36011836714653.76,218375582421.93506,4181712233428.621
3746,51909916939502.99,181877147050.05347,3460228659943.7583
3747,30528655877545.914,299202184656.1726,3013616755463.265
3748,30325432585842.246,299570330990.448,3027564387892.113
3749,43963528904273.68,163383351129.23218,5422583845892.877
3750,58047403406850.195,155524703637.53174,3869119150490.9883
3751,36528169824013.03,209807055721.5974,4480012678435.393
3752,26878406218863.78,219001188777.98022,6408674776286.067
3753,70886966278510.19,122080605794.5542,4770967115570.651
3754,28643951148371.0,222702335683.27515,5866380560777.736
3755,25471097946409.594,283812522766.56396,3901442896882.8647
3756,27572683780147.055,218719252640.5498,6158927797338.74
3757,51652032874098.6,159136328400.97632,4386317384599.5684
3758,38639272582253.37,197859871359.09668,4436418521981.006
3759,32833272693252.484,187652276675.52368,6516882573863.302
3760,52595426526569.76,149286934932.68994,4749846718348.97
3761,44179707399413.336,166537524955.11108,5255757912939.9
3762,50322036627454.81,174588460545.92505,3797910244326.9077
3763,27590959865244.438,259755361311.68823,4028795208532.529
3764,31097978510117.29,274593267670.03442,3329367230845.8394
3765,41008358625241.01,190058755869.38452,4474266507773.944
3766,24302595313079.24,247027392747.57324,5622751667468.157
3767,59382409402412.46,128105032553.77368,5672175149804.584
3768,43138525288895.34,188822734230.75073,4220211323876.0522
3769,58365963349377.08,140505366233.50317,4305667659984.771
3770,27762258699807.406,280596827401.8125,3703451590447.1504
3771,27822633609465.094,234149502915.8269,5424828165228.188
3772,32222368662509.977,276425936687.8137,3127892986613.8853
3773,37057344375239.375,212184956449.00635,4174630398671.6577
3774,38204011733158.164,212702584415.33813,3923460711125.279
3775,36219344177311.55,192417169476.83276,5414198205703.794
3776,45446952769017.234,152350244018.6897,5978319771682.652
3777,26344363973447.11,226422831629.9624,6195281466443.701
3778,36063472703318.695,243573345875.80273,3515957571457.739
3779,31572445889422.33,229670241723.3313,4905558275680.616
3780,51422896385564.32,154904542422.80664,4609214034572.812
3781,53810459302535.91,143427175780.0381,5327098227657.867
3782,59631462018737.41,147146494101.4607,3900796161920.802
3783,27803560302115.78,191521307543.70068,8192460710621.559
3784,35037915194978.383,161410367218.23853,8565655560088.861
3785,32475497058598.652,224534196297.87402,5024432361769.418
3786,30583006078004.92,282734961078.6389,3175760814091.654
3787,55488532410680.19,211126677330.67017,2532161661242.595
3788,27987329329691.953,309403126710.4138,3074795525072.2573
3789,31499013914302.383,265017388555.50366,3591441182253.7236
3790,49892092675881.7,201754245379.88818,2942487740905.4204
3791,22380064226566.55,247760866576.71582,6238561509482.179
3792,48816308621920.43,221122856014.9519,2745083435485.9126
3793,34156171346889.324,316395677776.0969,2676703860945.137
3794,27812645278383.64,208321617848.3208,6889929194213.841
3795,55850582729193.02,173867255290.55835,3298939452111.4385
3796,39032698291750.13,202402902344.2981,4269641601173.3696
3797,37321895878381.2,159757437240.87476,8346899397077.043
3798,53258738819884.15,156067505875.54663,4286557839492.921
3799,52595992828465.81,197959036033.24097,2931598937893.141
3800,24377157320642.273,249809415653.88403,5559303688066.115
3801,33638154026954.38,250729074595.6875,3560692563851.9595
3802,43105260811662.125,165054156404.84985,5539937332087.39
3803,61512428281602.88,150423903648.95728,3605924412934.558
3804,38694980102037.52,234309632983.41187,3409424619552.6865
3805,49581477293572.3,225343567062.5874,2632547581412.88
3806,33534182042243.344,166869365598.19067,7790338882749.951
3807,54494801451241.516,147807283787.37134,4522401335423.406
3808,46067147055498.92,150212884929.1233,5960979553065.746
3809,20011590279765.33,319347357873.70386,4967229281449.232
3810,59068383868940.836,193987199959.43066,2690786896624.5063
3811,44717285853463.95,192892625135.00854,3864305656886.6196
3812,43496859304905.39,147371136695.11768,6749529697892.064
3813,40823023234299.57,310590279700.9817,2423991493590.7344
3814,56470800131047.414,135573401674.93433,5347419676914.874
3815,37371511711528.234,219490164505.48267,3753673215124.844
3816,23893557381212.06,249742448702.89648,5639147435393.583
3817,41424826487657.836,301920295498.3889,2363605853247.125
3818,33313037727486.293,223539388250.34058,4346494568560.757
3819,25624770408382.156,220256045984.09058,6926995263112.919
3820,61340420400238.88,159900046224.1692,3423790581266.3545
3821,49115410136915.32,190354418086.68896,3576439703931.4785
3822,58398124277474.23,140059302652.0432,4325546690728.3022
3823,41327208734752.51,304200309364.75366,2429322581134.417
3824,39494312855949.06,264347426247.4607,2553860888065.2983
3825,36371297402999.8,183711482866.81055,6021145365364.556
3826,43624898809648.97,197788676928.7505,3833711424111.205
3827,38941043970304.56,160621089265.37085,7110664281553.188
3828,53743879625806.92,135007576491.68018,5886554420297.049
3829,21903337669620.758,302511969162.98535,4370598901498.7803
3830,31463755505627.06,193871333701.0149,6424970261337.569
3831,34275947794163.355,241349549791.89526,3704395962951.287
3832,44247634620628.28,316926213752.02856,2329255347251.0234
3833,33155060966769.527,170201772158.34888,7696357578405.151
3834,20885262662456.016,291675453886.05396,4792983642400.717
3835,24722036551821.25,290542318674.45215,3918788930635.3765
3836,44829141251331.87,186320692261.00244,4063452371227.964
3837,57782600104066.945,142687853410.43335,4348520109054.3145
3838,25707888416026.3,259317984588.88916,4986278905488.77
3839,33665266143519.36,207832218469.16138,5235252941310.495
3840,58741909804778.77,163970775376.80078,3295645524804.5938
3841,29284377241875.133,239200795963.3064,5035720153322.703
3842,56100966759731.48,221046368177.25854,2441253639827.6343
3843,64440563775524.49,126342565775.8645,5175159784310.326
3844,52072617954550.12,208919527566.38745,2905325370452.477
3845,42441595788531.94,170134741333.64722,5273021235822.442
3846,25915821880293.742,255029717965.3589,5160458554124.652
3847,23575103249007.0,276548054552.8142,4836363418561.123
3848,31787977131162.94,260323762508.54492,3691246659338.9375
3849,51158812349923.055,184195670370.49048,3426907805218.0596
3850,30643675874093.46,227944409993.98657,5220144334545.499
3851,39590474644866.22,219106042524.32812,3704111755574.5396
3852,55854801375533.984,141520274112.7859,4804708779737.575
3853,40973109505073.57,234430853052.5708,3174471469815.035
3854,39833565666087.516,187512437673.40308,4785227177709.259
3855,43485519133441.26,193960490457.54272,3984207241127.631
3856,32310233307415.582,197995940059.813,6038176486384.143
3857,41369511286689.06,148322550842.73315,7340275330754.217
3858,29546749742402.633,297305017701.572,3130038305381.0
3859,56448144620217.52,144847323962.3911,4274900388524.752
3860,27375385204142.285,279701602646.1565,3846687882921.2246
3861,29544100226033.12,281179581918.79834,3389826237591.071
3862,28104297073036.66,254725304465.24292,4586891625518.188
3863,28120496480315.57,241000417823.13354,5170123491252.909
3864,30390582060491.105,230938008462.28882,5120689071986.474
3865,54586487210551.805,161642488197.34595,4031563265021.429
3866,28175636259919.758,239000980506.13208,5231394723887.357
3867,24195952074178.12,298051514343.27246,3857231426037.845
3868,40208064065651.23,213225955734.77246,3770149574051.401
3869,62300797450963.54,123445048251.7771,5710355059525.881
3870,45662971294730.58,230277757999.24463,2775089460388.537
3871,36581938341014.87,219115085961.23022,4105825296299.3584
3872,27587746509046.188,251888769879.16675,4688964990010.814
3873,25287207781831.08,239155869711.8877,5868413806949.812
3874,26487537163438.387,237497083701.23877,5606395727688.435
3875,63758945630482.34,119881384374.51294,5549827074454.622
3876,28627198552321.656,241129498076.2483,4887965829911.865
3877,31540071338676.188,196877578034.77856,6344971979138.191
3878,56683260346629.55,143315113119.7627,4426723578100.649
3879,32532966712452.89,254838130541.77075,3564776114420.3853
3880,22439310007118.027,276431010480.3992,5357115744274.838
3881,27832515813466.465,256719938721.54468,4556134669063.454
3882,27394339279509.293,270773579390.22632,3833668978713.7437
3883,25188058626247.01,225424119133.27563,6789790260498.496
3884,49267962254060.24,156847232362.4392,4604692053804.214
3885,37671394546957.086,217017857134.9287,4059681135739.927
3886,38781700752761.84,229615141105.8462,3522299023422.8804
3887,59390333838264.18,189126393163.29248,2736578379570.5186
3888,38074819026154.92,192041975725.6682,5093864623287.145
3889,28570554980050.33,240241044762.12695,5090382540261.764
3890,24392895401042.438,255450064812.3567,5458072557098.271
3891,37840280166657.46,233723783953.75903,3616740210055.911
3892,72306155742172.16,147922913883.86597,3444134120291.798
3893,30477893427328.67,235661147155.38574,4953111812277.721
3894,31871199445513.01,230420369198.2019,4834021155313.753
3895,27998104124341.266,204609234638.08252,7049932851614.805
3896,44974559729570.35,237792467840.55396,2733539143575.0376
3897,45159618390526.625,165639750061.21436,4898505258516.159
3898,42260724446179.266,160700142070.10132,5646229470682.085
3899,25167660136728.758,275501530264.7239,4041971438640.132
3900,44926660926373.94,160500125161.1797,5393425394097.382
3901,44523496675688.19,164867337548.35645,5284845250469.548
3902,24180482784284.344,256754683179.20557,5424373018434.077
3903,22568062900891.406,247834153275.49707,6173209723508.847
3904,42139271171596.47,289127273885.4226,2513027901142.7734
3905,39679562807513.58,185631636906.37183,4933114204091.348
3906,34381745502751.496,165263583509.312,7623872177816.042
3907,38822259409465.22,160898738265.97632,7116035708942.257
3908,34339181208824.906,211384850546.66626,4943118277975.404
3909,34414448694805.387,198498392438.5681,5457553088943.636
3910,45319821455662.695,204104999384.2439,3408226626201.481
3911,25048658277814.926,264249520943.48853,4883056375275.847
3912,53819504116573.03,132565242882.5564,5887462579408.848
3913,51404760054687.336,148493513528.41626,4824799045561.187
3914,72735161746029.56,128730373708.7649,4117964150671.5547
3915,46670101776890.17,163047560875.6902,4671684743335.774
3916,47352413536716.984,143429982491.11157,6020686079297.615
3917,30549037034510.13,224230774778.4314,5351863933035.104
3918,39635116321335.94,162811562345.1333,6556956417782.804
3919,33136867839933.098,249152540339.95996,3765928804383.4785
3920,21554133499138.91,331074885031.3435,4358623782476.3135
3921,28582170402132.477,236430989078.281,5229058360924.516
3922,19897872635463.69,314968060430.2883,5124524635302.252
3923,38340593360900.195,185640476404.02393,5171403440744.232
3924,29771064964308.35,198380157671.24268,6503554259148.415
3925,53180188870766.08,152142423208.2102,4476645572074.228
3926,52794677727140.92,153420971892.42456,4499196046999.471
3927,33157652117465.49,265330310461.51538,3131255882422.183
3928,28681855781360.67,304492809918.00464,3064599100157.0005
3929,64890773555449.46,130472989868.3938,4765218647990.6
3930,38244732643794.625,156636459691.28735,7369438570258.264
3931,36957625086937.89,288689679097.44165,2701583942713.711
3932,31374647870673.86,205692947228.44678,5960538278067.269
3933,35725930360493.96,266032759364.77563,3007783851566.3433
3934,55811418210362.3,160877094960.7146,3884564094086.7573
3935,37857405320984.625,164992130928.27417,6657497720040.466
3936,64244717374832.82,128679564763.29858,4794507682702.394
3937,56697141339429.945,210387695957.87476,2418138406958.1553
3938,71656772595951.72,116699101725.17603,4962938841661.173
3939,27519980638721.78,225724172099.10132,5917467088785.737
3940,49129745278432.2,155144244479.8418,4704733999852.981
3941,48318478210005.29,175670159933.156,4092025871894.4966
3942,38904137197068.18,185033179100.66797,5116142669164.471
3943,42017145508933.46,157258354879.42676,6649843201565.709
3944,47666125786756.54,223710023686.1499,2792194329133.871
3945,52481211970647.914,165440783975.7002,4021464383564.1367
3946,44103578018030.65,160714516768.08154,5464850924430.249
3947,49244803019760.91,204954572988.906,2964999055172.139
3948,33379910310516.703,242169297705.7854,3898723874366.9443
3949,35622675478449.57,220490876065.95947,4168826898063.3276
3950,40233080074094.086,202055984401.5813,4175605484031.144
3951,25582294913357.508,265827706996.2556,4806578266315.299
3952,45895621105890.74,177157931060.97363,4267330253983.697
3953,27373667686200.715,218407622095.17725,6414265054962.674
3954,47645372745921.266,188791785335.16626,3658340160764.532
3955,58170785008624.555,151997982414.15405,4001360687670.156
3956,34005761123515.383,219617451076.47778,4416670362438.359
3957,34513233592210.055,315030168251.2312,2641297681726.4663
3958,43100327520377.99,201459448958.07593,3859843243186.01
3959,39118755340446.945,175224535247.0017,5520005720294.112
3960,39234871064922.93,163738148804.24072,6687044614402.635
3961,53757834605940.21,176895534334.1858,3456703685728.795
3962,26087341149685.26,266178574923.93872,4651597272655.931
3963,33179330322713.168,186459815808.71362,6403598501867.423
3964,35217658334626.05,210493446527.0271,4766120914254.937
3965,44308713518309.37,185207480932.33228,4276166824722.708
3966,33966726521349.47,228872790411.39917,4157799514253.9565
3967,37962525496888.4,251402764671.45386,2962962988769.1
3968,27091471042777.71,269977759362.01074,3979768462899.124
3969,25127264781459.25,273515466481.54712,4228617666425.0327
3970,52700847169985.836,160639392374.25,4191344215614.1533
3971,23752667461924.953,259677505192.22632,5467105467756.75
3972,37112529117283.836,234922043757.8125,3533965657751.8516
3973,44180049491015.05,234048937638.52783,2804513030949.0845
3974,28835571227658.953,206709295635.20947,6429153075488.041
3975,53743452131021.375,158852767136.34106,4144033207011.626
3976,66944676083637.05,116267038567.51733,6219223183980.01
3977,29140648080712.17,233750717000.48584,5083069541981.246
3978,21362831563136.637,289498662079.01294,4677057283733.251
3979,47177153886956.51,215629603969.5249,2911219772670.5044
3980,48124710317385.2,211020023006.21387,3011993429904.374
3981,56647658172571.59,142494134362.93677,4514015549877.076
3982,30798390813903.78,219334893204.09082,5379987758482.493
3983,31133730594598.61,224287596845.80493,5183817414441.03
3984,32067132904371.676,201990559314.969,5941973926887.548
3985,40757972433591.02,160166271934.0559,6324032093638.148
3986,50934172895974.83,166388525930.51978,4038153452472.8247
3987,56133404163262.375,143986600203.9724,4433706160749.351
3988,33515961344133.48,204074659009.02905,5484129754033.216
3989,56190189986320.375,165121850060.8694,3588017819690.566
3990,28112524256759.72,315555595975.7595,2953259626711.902
3991,27526136038383.715,284416591664.6084,3679773567312.241
3992,38472874797716.7,193263728942.6775,4982937597596.939
3993,30497178541540.24,249743416278.68774,4057292228977.3047
3994,56462832490442.99,143684549760.7256,4311962522620.1426
3995,26719770415693.11,277882819424.62085,3893668869226.327
3996,35317557098387.39,195040769032.80542,5542327671267.658
3997,34817543920752.797,201362517774.27173,5251513430680.037
3998,48307062042568.75,205202480978.26123,3100026020496.973
3999,57659367384943.23,141449660436.47217,4431701412972.99
4000,56323586384916.94,136694677517.87524,4933229662758.6
4001,61956499377553.43,135125315634.87183,4856456480860.3955
4002,30820078646658.92,223772436547.38818,5370869316267.79
4003,35735915242397.68,217295876277.46582,4296182113801.166
4004,52164791114897.98,158833739760.0056,4366373638806.116
4005,57101522048174.57,164113883377.96777,3606085435137.069
4006,33489517303694.66,239790379687.05713,3859326721172.276
4007,31990877090878.977,229335284384.87085,4934442342481.1875
4008,46127902315088.414,143571144600.64722,6254422783161.647
4009,43004884321324.016,180562220908.53833,4548857176302.481
4010,40819351788336.97,170572845903.0874,5529170805776.452
4011,28217792594985.402,237077799614.2434,5233613827592.58
4012,60489110181645.375,129624696897.51636,5212576680596.643
4013,44820399915505.49,286330544610.9807,2445113956242.285
4014,33476030757378.96,205827752218.44165,5409972805400.481
4015,47775854558651.04,181663182114.6858,3973802187633.45
4016,44139175047632.01,185826770129.38867,4303893763044.123
4017,32958350502605.844,210883070218.39697,5362419785983.363
4018,27753004295295.64,305486642732.8008,3134941407529.1226
4019,41860260583675.055,189648468356.4104,4364666770900.401
4020,29544892953973.17,280378905522.61865,3398300925898.963
4021,48169838902250.03,191813277383.7334,3608275092969.846
4022,39927919542429.26,189215858905.66406,4555012997525.315
4023,38339829644838.68,299244653522.19556,2567906427775.6265
4024,37468232616414.5,254961093447.7942,2992181124154.527
4025,26137909073055.793,230016181092.59448,6202424232725.586
4026,23405730645704.09,307682111671.4949,4108421267138.143
4027,26159534475874.062,219260880901.58594,6775684808839.085
4028,28156953086384.79,248542920113.41187,4743827396685.639
4029,38651083018524.36,196783549739.30054,4461176391362.225
4030,28105355862582.11,252783771782.86548,4589093762190.915
4031,54396085141585.7,174241951616.2268,3530474267249.303
4032,36972535831854.39,219944503477.23975,4074743693427.406
4033,33497717813913.11,178385989585.25195,6766189047196.681
4034,53563146693471.15,160936563789.4807,4064144474766.2534
4035,44134284495191.24,193593408145.50952,3918946331894.99
4036,33157245391423.234,188333465110.56714,6448265884252.284
4037,32800199114056.06,172679837080.78394,7727136852566.447
4038,53041437331790.33,164876200502.4756,4024399332556.0547
4039,38103670430698.36,187388963236.98828,5288724264840.361
4040,37735484014768.836,180524120632.0161,5722855339199.642
4041,50898599501674.23,141268069411.3562,5854782147696.189
4042,23077479713113.6,244428287716.81128,6048219993222.638
4043,29671733864221.285,221690769890.03857,5796603788678.402
4044,46094993765757.13,295783806659.9087,2356697534051.0107
4045,55907717435702.2,156623692699.0232,4058254924807.118
4046,42678038968676.375,153350040209.17065,6448560325350.753
4047,43687857988890.2,254457468791.261,2510017056535.286
4048,52401592883157.16,159819557759.19507,4273951048793.921
4049,26632746704857.723,284262075090.79834,3753422930353.1367
4050,44119883666985.25,169248434493.10547,4919973149112.0205
4051,66700620076083.16,123688567386.67188,5063070909746.613
4052,25954227884402.195,257530307788.1267,4770746507623.083
4053,41527221961350.05,185559913650.56494,4583103047859.994
4054,30168081249797.46,201358517079.0974,6426064656847.046
4055,62772389393339.484,195858337161.3755,2446103933948.61
4056,29651246384633.477,300593808354.82227,3007147730022.603
4057,30796582392947.758,197781608955.80762,6418168896484.664
4058,33209386086381.332,211406523778.55786,5327973315112.876
4059,42405894323889.42,173535371335.14087,5047774514634.2295
4060,44346829810953.18,166452856075.59204,4924785036471.049
4061,49421907039338.35,228977106098.53296,2586243337622.922
4062,37697956744406.46,157537955516.6814,8154817067142.189
4063,26700787013805.1,289033178732.29517,3538180771889.9497
4064,57969073373323.97,160774428261.0569,3671351652480.807
4065,51741199774420.484,135196463402.4414,6000242903266.839
4066,44691308546720.77,166687520328.11963,4906494445725.811
4067,30788794794384.105,270894793901.59668,3565972101109.206
4068,31741394548346.953,266736212758.188,3478271623236.683
4069,42960193813244.586,204679044648.5525,3616623198143.005
4070,29925434352410.887,242446039792.09058,4626815778884.381
4071,29253457270368.61,240998996497.96753,4811628759313.449
4072,30729877104694.92,263843023610.7666,3677636148968.0273
4073,43696424341325.75,289789301079.1648,2452421310347.2373
4074,26922740617373.535,235432198804.98535,5619277726830.24
4075,27116633859399.242,263873404415.22144,4162143393075.73
4076,53282317428475.75,184940609563.56543,3203558766999.916
4077,30684888922423.594,302271233185.6709,2857767535860.5244
4078,49504494442290.6,201222078656.8562,3037290286305.962
4079,26343097555408.496,286653845953.3987,3753534735187.2705
4080,31579416583190.5,240367520546.97583,4297334715259.155
4081,64214109311127.77,128418973353.57495,4891824799842.535
4082,42075037920882.31,148001611707.89233,7066169470330.067
4083,23308013538390.14,244240230708.9563,6186715585717.544
4084,58121979712168.57,161154912902.3286,3606126738953.951
4085,27796874954579.836,216782530390.64014,6224717893990.382
4086,32260631112632.59,279437107911.9509,3055319643942.5547
4087,39607630238415.305,190710987372.38452,4690806415621.238
4088,28265915604481.93,215189653504.97485,6180099763106.179
4089,45280558430628.33,230920451490.3423,2885685310288.944
4090,39958495999122.36,223863532520.21973,3549627437523.802
4091,40425689603677.164,187270480572.9375,4772703149420.597
4092,46787690607539.97,189497136036.06445,3742902102453.8237
4093,52556038777190.93,151586059505.01562,4587806641014.224
4094,36150801907058.56,208843716659.16528,4660110066895.102
4095,28714571995176.723,186114632457.469,8666941713676.74
4096,27559232651784.15,214285741956.01636,6557222770142.929
4097,36774988490767.664,208722444951.85693,4396831276708.272
4098,23336931279875.58,246665727382.22876,5982762664621.755
4099,39431753280361.51,169242916275.511,6037802941333.96
4100,41507397150670.07,158960919267.38843,6502736144370.114
4101,60785780866747.0,141580704037.90332,4105718505066.4517
4102,53813167339471.08,144751957583.3457,5173280041431.854
4103,50170785680244.94,167320581905.78735,4167011674044.798
4104,49324965587409.4,191413110706.59155,3497867705931.358
4105,47318735602813.81,186651136186.67358,3840350260706.3745
4106,44606321776599.52,146274661747.45386,6365404481433.921
4107,32377845393711.902,253276770851.26514,3725620513164.9756
4108,41710577343228.74,173822799065.86353,5237630988031.685
4109,48946549441861.164,166063712601.32202,4190310802945.026
4110,53987879464106.26,150007029550.46753,4459359807559.883
4111,32923301261628.85,211576249929.63135,5252004934579.255
4112,61253399032057.555,126566108883.781,5611687859432.822
4113,53998848446748.164,141247952316.42627,5328186884191.302
4114,28332872703223.125,223468492645.62817,5810604809922.225
4115,25361278529810.98,241028061737.60254,5754071811186.738
4116,69370977116957.42,154836630599.7063,2884973070916.9097
4117,33982410350098.17,165371931030.8601,7799649435793.645
4118,43759821579953.72,199206039364.92407,3832724899586.286
4119,31045309954585.953,272694508732.3806,3432802618387.55
4120,33912980989299.016,259213803102.36255,3241493557091.7915
4121,57152289257683.914,217807091180.77026,2390405575697.4346
4122,26458124099033.215,257415566843.05273,4903973431039.22
4123,31008949797478.65,271462934446.56152,3522601618101.505
4124,68413155174623.74,170504402862.5498,2786030284073.6123
4125,65664133218325.09,123543845704.22852,5102239286082.688
4126,56284324050649.516,136048571615.97388,5346949977882.699
4127,46177186397531.79,148725779899.2483,5998937450292.284
4128,48495064111376.9,204150180324.2224,3128551224550.055
4129,42350519785493.81,200337865713.11328,3918033418893.825
4130,35518298576753.54,207811115142.51172,4931764448327.146
4131,30884376710237.66,278970086060.4158,3099659403592.965
4132,36508360737106.53,198342230063.22754,5212347560846.532
4133,38279195495235.47,154890460850.26758,8407148169340.933
4134,58672913453006.555,152504424908.4082,3870701733409.987
4135,35195082968452.766,220604565116.17798,4193013220557.3135
4136,34650716564330.324,316852623916.4983,2615132570177.1274
4137,31520751797500.676,195878867181.07104,6371859181402.961
4138,41878767787386.95,154333266525.83813,6732066188084.91
4139,41773067582880.16,162021117744.53394,5988521083551.781
4140,52161214071147.49,158258683938.16602,4392325089401.097
4141,27269151818358.883,322195384922.13184,2896746801931.3057
4142,26896836986361.246,317986832484.4844,3041403510457.2666
4143,36010632552804.8,195573191645.00952,5380371632562.433
4144,31997424656273.617,246854773274.34497,3903801332280.785
4145,40460751077720.65,180642861861.2859,5102511368882.006
4146,53753514002549.42,146081325217.594,4923027922213.028
4147,25876897436632.81,258470516857.67212,5019917402813.811
4148,34810660004924.207,198362755700.24463,5431586059497.621
4149,22292086300967.93,285383598045.5791,4773505400049.188
4150,41335196501385.75,305948296841.1516,2398407146177.821
4151,36386406895263.414,199971579226.51587,5124594679961.603
4152,36908554338133.73,242136212869.6897,3419828948252.6323
4153,71046833309778.72,126204374444.7041,4252224255042.5283
4154,47497740327887.38,231868502214.1953,2654502434674.2734
4155,30397685563474.062,243038392064.06885,4553858468725.829
4156,31858733158492.863,225384724888.1714,5055170891419.969
4157,34005372564633.473,253729942246.47778,3439091565009.0557
4158,40832897768808.266,161079099155.18726,6283697861783.133
4159,53516478211721.23,165046141163.70288,3927929364284.2305
4160,42687926804581.58,229240320031.2893,2952416413222.612
4161,29877118370275.895,244367773320.93213,4217630650887.9824
4162,56583247359549.73,178029087696.20605,3024870269529.5044
4163,29095511988752.02,296093006413.63916,3184241843052.4585
4164,25333366813262.355,239071900262.53735,5786678884517.281
4165,32289985769881.508,211291433920.92407,5444575624663.098
4166,40669802510866.78,158129053197.00024,6723808147526.626
4167,63100148786259.31,135429801677.40308,3956804887637.8535
4168,41941300174633.875,203908968077.99,3849790000621.2437
4169,40323215789880.664,180724755162.58472,5109823971673.95
4170,26183087301956.668,281425741519.7881,3942003622472.4204
4171,44807094615188.84,159847884655.32764,5412820988934.923
4172,36063999077641.88,228591202053.50903,3962815925971.8423
4173,45155844671395.24,220573484103.43506,2966952507522.0103
4174,52853642433919.336,229094100937.74097,2467261173752.849
4175,47803729831649.0,139606187256.53247,6046802908022.742
4176,36266777030107.51,184394143819.33447,5844850867415.174
4177,25902360288750.17,282355247481.3113,3938292168227.992
4178,33088682504024.992,183010582249.1692,6868055319449.613
4179,56007236239252.555,134344857713.99536,5725749784537.836
4180,39016792938993.41,188102326673.77393,5074098544299.486
4181,53614327924307.625,128452183800.79321,6051256520025.807
4182,68415305322170.125,170334140507.0857,2792161186683.247
4183,33674678567468.25,205947892585.85327,5406761151343.121
4184,37004258110604.164,257167334410.08252,2948092140345.725
4185,57936569026391.9,143371481709.47168,4315623033863.507
4186,31096228662136.83,188499357990.50317,7092940308481.754
4187,41095521642788.54,163326377978.062,6180338942919.196
4188,47177894245182.266,214989386720.1328,2913302529476.8174
4189,37989536757434.67,295482304247.2312,2582214542308.278
4190,47813051084169.88,183844875345.6372,3832597020686.1978
4191,42048454418209.61,248243691806.552,2776555066769.6816
4192,34385040704413.48,164978373436.5647,7631053387157.277
4193,26346722215203.39,238125537382.5188,5487311960994.488
4194,43870597413993.45,139566899636.2937,8808526471512.355
4195,55553796626207.266,143749744419.11548,4492491364340.917
4196,54684985622897.5,216117167048.45996,2559674341000.289
4197,28088936331407.094,303042173830.94946,3132428050928.2563
4198,62113405762073.734,145293661022.3025,3763317478036.234
4199,56522497989402.086,139589288576.00342,4683086735417.668
4200,46208739551002.04,228874048426.00635,2789882437220.7793
4201,26350919223562.47,237970497531.3662,5505889727929.931
4202,56409050112890.92,151421566376.0227,4154619763986.1265
4203,32806643517497.707,191464400276.83057,6382921123340.168
4204,48497883928594.0,203874901452.6333,3134957180410.0884
4205,46010186608169.61,243642635373.82104,2447468240919.9033
4206,48615174525194.49,173647600052.49683,4014383907588.966
4207,22467180873565.94,277230733649.4675,5340641094390.915
4208,31155231140360.305,246560658542.75024,4041258551996.7153
4209,24358522872345.215,270603045128.52222,4884327689567.114
4210,39441881317796.39,220787582255.0874,3694581200493.5615
4211,23299129428420.426,288701921253.40063,4458708680400.498
4212,36897314233191.08,211684381521.6565,4222991023013.954
4213,38137367219393.484,159136289030.55737,8143117773789.214
4214,42792683548320.6,148651778654.70728,6941045041625.521
4215,58259512838215.25,149552808897.21558,4013852483742.4043
4216,37832574007729.84,247696595672.61108,3187622540271.51
4217,24570567697988.062,264500651458.5437,5106065379454.714
4218,37629554928134.53,181166913611.98438,5720441821611.62
4219,26359663946017.727,224979284418.2173,6242598392906.887
4220,30794332964333.645,227001174649.53687,5212455096297.126
4221,50106919972469.75,133568787471.3518,6275551137534.262
4222,45481531541315.33,231341488818.57178,2848923378501.9565
4223,34942982340428.52,170415980920.42944,7179841006571.214
4224,44325083053667.02,201175569596.56177,3508329266327.7554
4225,49522749167966.75,224178435625.48975,2666970814347.88
4226,38716844981592.51,211244212139.31494,4080893177760.773
4227,28291609768678.184,215155927727.1582,6191982926658.954
4228,44551182707446.875,194209194512.88892,3827438391594.6377
4229,31762862497604.0,225695240174.32056,5012928045439.339
4230,32027057831786.293,224893396305.0437,5015715029394.097
4231,31606519233018.85,210126611253.83203,5730506007472.199
4232,55484878292365.93,148654723220.44116,4317967963949.9385
4233,37444541008027.64,282731634744.86646,2686705779038.023
4234,59826463797114.2,163714298904.75757,3223926911752.5796
4235,52236377919380.414,160233538986.625,4268562574080.7065
4236,28889311627600.54,248287722135.78735,4645373457481.114
4237,26863232982841.76,251905024006.51196,4893199194202.348
4238,54526337290545.836,123765809294.21924,7110137888047.18
4239,30940389124091.25,190024292778.03345,7090531657313.281
4240,69539631543699.81,113290832580.67139,6031808787586.663
4241,35994962428671.18,223206965901.62183,4044820398282.294
4242,28282028019219.76,215836364351.29004,5928325666665.611
4243,57110117379925.85,150670397346.22607,4091608117483.176
4244,54453515593128.58,163060017307.7566,3785849547676.68
4245,45157496556852.99,277329563982.6282,2391225244727.007
4246,28705139762534.44,258872706452.14722,3818187346130.3804
4247,34732628654601.812,221993462394.63306,4179835915001.8984
4248,32408979250729.406,281525613418.60645,2947023260487.04
4249,37914956032963.16,170122967538.3933,6427196655593.894
4250,31490802392509.367,263243180184.3308,3609809110104.17
4251,27114411153045.996,217328897857.22754,6524841516770.743
4252,41068559759599.04,206336889095.5652,3892978939248.994
4253,37613227972863.945,188540785238.45483,5341468986301.189
4254,54834259634611.19,146985667981.10083,4501501967720.942
4255,54111055864585.23,175038971790.92065,3509605326028.4917
4256,50849066519331.66,194848102082.2068,3207639627215.707
4257,35781637491028.06,213331813017.28638,4539838500258.253
4258,35616245868076.39,202967827975.7522,4883930511529.654
4259,68237709774071.17,154830685551.52222,2999791113468.2188
4260,44941828520809.5,178974648260.02393,4261505334574.4834
4261,31803461815975.344,184407675715.67334,7069145759978.526
4262,47074982577782.414,230473039771.8103,2682187074612.5405
4263,28424335599656.746,204215173861.21655,7016887752019.739
4264,34861639397831.06,276805675374.052,2953914832043.7495
4265,29639071355314.367,223036187163.47363,5715330133496.963
4266,39141243073820.71,217721504939.57056,3730080737347.2773
4267,56886458675296.04,140229167623.82617,4547617287807.846
4268,39750992592937.86,211244935808.2705,3990445361927.2725
4269,37099572205091.02,220236809141.9663,3800413255072.731
4270,45290229313864.5,213625103527.708,3055964226848.3477
4271,33893669523673.023,171399446155.72925,7526041130034.976
4272,56389803439370.664,151696303453.66187,4110289601557.892
4273,41593456319752.74,165367028999.5891,5809059809881.934
4274,47088006037327.29,149801387384.25293,5449658621079.694
4275,22050883895885.473,326050650011.8047,4360437366763.859
4276,21665960612973.73,247566308711.58545,6349405697729.083
4277,36896021304777.945,169357036774.2522,6657840579086.658
4278,34372114523136.562,285081649256.27954,2886599354335.326
4279,25339727834547.113,262545150530.74048,4942909852080.347
4280,38283956826029.99,187175648735.08057,5318773225600.682
4281,31624764463851.79,243828127642.60913,4076432024676.6157
4282,51577711989931.49,162689873718.8318,4326912694647.444
4283,36919009145985.22,184698888665.9104,5647029644482.256
4284,48456723935454.46,193214470969.38745,3488344938248.2764
4285,31063255291951.277,197883583359.8098,6342206244825.049
4286,32991907024874.09,225359767235.66724,4599832829462.392
4287,48225734780732.94,156416324273.0442,4843511454804.704
4288,32875742937373.824,236761904776.47778,3922046184152.428
4289,57001595719981.1,145403540079.187,4236442922058.726
4290,37115491610673.914,175073543596.05078,6353139651970.321
4291,31221901544622.11,212522393698.3025,5746356138354.184
4292,68851356282916.805,119807618828.22632,5330331833711.147
4293,28271132967134.46,224127381680.65454,5846120485984.846
4294,54069616252446.24,144445052227.4873,4677802267121.265
4295,26819576734372.844,237941995827.2666,5452760323463.679
4296,53088070023163.05,186431077871.2036,3203854495173.7046
4297,43700523541159.195,189561753504.0525,4147074060378.4927
4298,52460923120538.93,211447169951.01904,2772766352232.538
4299,31384204583766.074,262441655022.96338,3655707223984.673
4300,32435960456383.547,171627779503.93433,7729963518769.51
4301,24376453015202.207,267320351126.68774,4936240645256.262
4302,51756711972590.76,161685768484.12866,4339175052695.9614
4303,55161575230695.29,163532760892.4353,3705859763886.19
4304,33252689804350.09,321796185433.8259,2673676477930.883
4305,29278816981995.758,242137285408.5354,4749148730707.776
4306,35882181986110.48,183862452355.4192,6076149073086.043
4307,43161389820795.125,194513773518.6228,4038706525230.4688
4308,22921438723169.19,248353568508.89893,6061765494402.34
4309,26349989766812.285,194671185364.62915,8454057624274.549
4310,28836117617262.5,233108328917.29077,5334339783254.8125
4311,24576001222868.215,233359253673.55615,6695388701945.075
4312,52342367234605.33,152802294591.37476,4572838516380.208
4313,33035283263675.67,205655934887.9685,5494904024521.421
4314,41033632073318.35,151717437522.7771,7208255694562.225
4315,60979675053679.62,133025274208.27417,4858911958160.206
4316,38134364508393.18,212297520689.66895,4038088366802.9287
4317,55736486473528.34,159965851238.70483,3999477881306.5093
4318,45734284576146.62,306170213369.37085,2315607383130.207
4319,32621717767494.51,181413599947.25586,7122680490584.379
4320,40756197588330.74,153606341418.83276,6802392666727.471
4321,54203527492977.12,166251736198.54858,3830029559079.3477
4322,50947957619490.11,162706586911.81372,4286256701081.6494
4323,46541097229517.27,170449179676.63354,4502456507077.773
4324,26407846979217.324,205688074056.10767,8174630534530.301
4325,57686715727551.14,164495888084.72485,3504985148116.447
4326,40848875101368.67,176423954920.81128,5096086298721.253
4327,34563510606141.402,186473219951.72192,6176381686892.289
4328,28307434393326.273,258605408590.31787,3845832627259.4497
4329,31042914782659.008,275992631802.2781,3375442302747.1523
4330,29202093760154.52,330609746611.83057,2724420704477.17
4331,48574136239339.63,211750372386.4685,2889329680003.1753
4332,50839638682877.23,158013543088.38354,4548915301910.798
4333,28140575247419.297,301550762071.3552,3244592391758.5015
4334,50981551006586.305,160365256831.7744,4385687203428.7173
4335,52184654938597.766,158470149803.66772,4385599581542.0513
4336,37793498216010.83,228473841788.11987,3669717804471.234
4337,52891398769046.6,187329952955.17163,3149426707640.904
4338,33898760953730.484,173057011011.34595,7343296227382.054
4339,58684858507056.01,132917686555.46509,5301610217575.765
4340,28724938358642.664,239122754518.95776,5102533905898.416
4341,48854373625222.75,169751268052.34277,4162612299991.9697
4342,24992882144815.176,241353302104.15698,5775980455709.397
4343,39114139008708.914,218279095665.7981,3799571257359.307
4344,53840573254054.05,133609434810.06958,5881892663687.168
4345,24632170043505.582,270382371327.92188,4755872766032.52
4346,25157696207696.055,285041032442.676,3947539330851.4995
4347,38081047779474.695,181023815699.05493,5664871475617.153
4348,28903932184744.07,246006443463.01245,4670231228120.011
4349,40124433982089.35,171214568290.3921,5608568254050.67
4350,38842267209739.42,177185902118.4392,5518596016827.113
4351,38799089233492.37,176813529472.51562,5535721838693.6455
4352,52438184284413.266,166574602544.4453,3816249545821.162
4353,28495007727476.953,257194794188.35107,4130282089251.011
4354,41837070242706.33,209505411752.65186,3605276701476.602
4355,27996775228669.92,207007496597.0852,7171261696164.883
4356,37264293269137.336,182603192295.01978,5734407431798.146
4357,43888350494000.055,161277291157.6494,5424387280892.273
4358,38860453513256.56,196173705471.60327,4581987598034.675
4359,47039636639135.18,168236188251.70386,4460612353014.559
4360,25420783707755.7,314436862839.5222,3338972659397.2544
4361,51563906035993.766,158681926204.32812,4495890903864.398
4362,38330218822217.55,184947179703.13525,5330302701931.97
4363,25339454352582.133,230208631376.1433,6311083615719.215
4364,57016464010780.65,141216135917.89038,4455748329528.118
4365,45146671927787.69,146054336830.57568,6291397266809.807
4366,37912368699867.94,194380884272.89453,5068680373369.579
4367,25236133984811.504,252283518729.1892,5363272912491.38
4368,35656576317874.766,200015991094.302,5237899910666.847
4369,31065426859353.99,247847921051.6411,4027603342905.61
4370,40173663362947.28,183533096052.66235,5024197338203.218
4371,53507791347294.484,156200994378.07202,4248695274588.7754
4372,34598345840272.566,314605634368.6365,2648625713357.636
4373,32573057482670.6,225874225400.54956,4423562981706.569
4374,32290598679549.863,208900752274.85718,5639135033570.609
4375,42036410504269.23,156469975603.1665,6367512432726.1455
4376,45391935725360.57,189910855580.73364,3895081765119.755
4377,26107088988531.586,231410694141.5957,6171185486509.329
4378,57785841765193.805,142327635449.13745,4364585688102.763
4379,65662244916351.51,125710637341.01294,5092841207885.968
4380,51356779903275.6,155215526277.62427,4638550186968.37
4381,40184949015637.516,150280804470.80347,7751592532759.63
4382,31481713565532.84,232222083251.14185,4710987579926.532
4383,55562937095630.68,123904454203.76685,6619739527450.57
4384,45298533369169.375,213257927401.7937,3078354457745.503
4385,27246429261832.86,189898011188.9431,8831406021449.842
4386,34300614786106.66,239128245469.4651,3751596137801.495
4387,50737290393676.84,164105638328.5005,4450162421290.04
4388,52655852868923.805,154696231230.23657,4474415855984.489
4389,31088032199347.496,180363096980.05103,8336499991367.471
4390,44899240461754.48,139499393389.84375,7180763713162.618
4391,32291818484249.98,211112333636.30542,5448912322336.97
4392,44839165463589.58,150808252321.96948,6165434913409.494
4393,29408225388550.293,239471370922.2439,4875429309936.449
4394,65714833016982.61,125531379036.56128,4815538468020.22
4395,46378433183166.51,163988851737.06055,4694073899224.099
4396,45885348634446.625,211231074367.82007,3220833686754.3984
4397,48230740754660.234,229790223390.60547,2663338546610.953
4398,56954214982325.61,131951117764.77515,5372940660801.383
4399,64999555601791.97,180707873843.14575,2771114043787.402
4400,21860507182886.445,344350028061.3423,4194301606019.138
4401,49391992387243.83,181447762221.91504,3727741749237.1714
4402,23893716564912.754,294621838326.11523,4049256568700.23
4403,32135995711975.926,201284917845.03564,5941974659314.809
4404,27773052501509.914,208197588992.37476,7181030396948.917
4405,49618850192862.17,204044997684.37183,2986172377404.7847
4406,52238993810658.56,157451869932.65942,4392326072123.574
4407,34041585639453.656,221574885948.063,4291833662923.676
4408,27269639750181.094,321454931268.0945,2897607700327.222
4409,44499056123306.375,163213845237.82983,5322699519040.529
4410,55562160842762.38,161651312194.1189,3733666852319.2725
4411,38619388655970.19,196352175470.98145,4655081722412.311
4412,41792128623329.9,204253201996.44214,3857759226299.95
4413,57573447279635.56,152820592384.22144,3970765349877.8965
4414,39108587218569.484,202156895085.65942,4266266001687.3154
4415,32775778946209.992,190045632915.3811,6411349207135.806
4416,64265370372802.31,125551694981.38745,5205961620819.066
4417,43724317213879.02,188621415130.56104,4279759188666.976
4418,40918645902703.48,173096601868.64624,5336444760192.413
4419,52567097548884.34,150623283948.09668,4614696542160.215
4420,60006882371494.59,195127506275.52466,2602839885000.0024
4421,61669184484687.05,145491022725.77417,3922201968561.185
4422,37923018349193.83,175774620050.50195,6252875500610.039
4423,50837676527481.28,151348299190.36792,4782452207002.326
4424,29656287756790.18,240910816026.65283,4662120641448.069
4425,37576187393749.25,238632725304.0642,3412584322904.48
4426,50640533773853.93,163619162551.01733,4461564303549.31
4427,52901829098936.02,226800706020.3601,2510986601499.9062
4428,36314366478873.086,242129418374.6338,3441851678696.168
4429,36810687657899.62,183772521749.58887,5826068567950.57
4430,43527984884912.07,141416184936.23145,7224551238095.902
4431,40038701462884.125,259717534394.39746,2552463646660.3022
4432,52863833172089.24,271259080679.01538,2323466787638.608
4433,68545630056108.84,123701544116.90967,4913348815413.484
4434,31161555735859.12,193713029141.38306,6576472366444.343
4435,32165845432671.277,215713559104.73047,5327638003438.343
4436,44826693622600.95,246776672541.88843,2516993132594.2905
4437,54586069848682.26,219627382338.4519,2491872067166.9385
4438,54772308585444.516,164563865594.67822,3779748321498.7495
4439,39961779121310.5,152518004879.2522,7682565692598.439
4440,32170743073723.043,210067522420.54907,5479269490136.108
4441,41011737538217.99,145100526425.13013,7836812207441.927
4442,62684730600519.8,137314172429.52075,4003765411985.1313
4443,54963742536394.98,213993139111.92944,2538147502243.6675
4444,41405062487778.88,227933597395.23755,3184547461273.7515
4445,36436602279815.84,205781928078.2815,4721444077426.445
4446,56689522572992.04,142091904648.94946,4410946563714.98
4447,47857493902709.64,224273555418.2798,2777874315815.5337
4448,32552933201079.727,185573396183.2522,6703185402878.598
4449,72347917378518.75,113615732212.53418,5038399015991.95
4450,50638499087116.03,142907550615.365,5804716620426.661
4451,61911894912217.945,193482921805.2002,2613279205215.99
4452,46289974228911.36,145178187981.20386,6011538034666.079
4453,33768531647710.414,173033384377.1062,7525678347160.084
4454,61891082572533.69,138837913109.31934,4008903277669.474
4455,35831460805182.78,189719900863.19653,5741007052818.913
4456,29202094070773.555,204339799411.62354,6349936851141.623
4457,28222562048555.29,309440494443.54663,2965752859522.2144
4458,29936184241885.902,232405311300.6787,5160885917864.78
4459,52711078564686.59,188731171365.29297,3147904873013.6797
4460,29152677690756.207,282190932558.6416,3473465601942.767
4461,34324347293193.42,249948839170.9143,3443093700591.4014
4462,37660584124603.766,161464438088.23413,7990915225807.752
4463,29688741357042.477,218880754442.11792,5801119606896.09
4464,55431330425497.61,162449910834.0481,3715429766979.9897
4465,73526494455503.23,123057261151.43018,4255369593071.955
4466,35185494025809.336,214791453683.92407,4429416152887.921
4467,31459306617666.438,234870040523.511,4314372599513.529
4468,51857958401513.875,209846512658.66357,2837956827338.718
4469,24982279519295.816,325864041084.43286,3060372088156.763
4470,31496897965316.215,256912715444.33057,3712318524560.3823
4471,29883295237109.53,224928472500.12915,5434708995045.777
4472,23874113914629.473,286768302335.34326,4224702731543.278
4473,52710132386643.25,147757750242.7151,4812360668115.125
4474,37717979566054.0,185150094238.3728,5446582844420.016
4475,32479149174965.008,252586317171.26367,3755155433001.06
4476,37860053224476.95,205570178946.72388,4318486441975.2144
4477,52901629656638.79,143754828606.6355,5327914377446.927
4478,33585598445458.45,294947556948.2366,2835926248401.9907
4479,62332433481884.49,146428129507.6526,3659779468909.7104
4480,39639117548558.93,235627330421.72974,3128596148745.8877
4481,33052083948416.457,300237693141.89087,2808434983176.3447
4482,55341060018179.875,168118046822.86157,3625373702943.0854
4483,27580025486696.51,224494764801.39136,5920185626615.195
4484,34499238401863.38,313009705636.81665,2652939523859.4956
4485,55294639612582.51,149045933792.9353,4334208428295.502
4486,44131619844975.3,192255506542.82935,3984875962567.869
4487,25132158259549.57,259161472694.7339,5081357270625.548
4488,35383308881513.55,224095439772.5874,4017547423553.796
4489,59329638912445.625,149662161714.7566,3901587355180.8257
4490,27621079524066.797,249254351015.62988,4741006581945.05
4491,43252722276987.05,177425401819.36084,4558607609201.681
4492,31224738397912.21,243882105098.98462,4046838932170.193
4493,66415176011886.52,123709258920.06714,4838017190875.998
4494,33585016710958.117,220716864767.802,4435108626776.229
4495,28860082529474.6,261932019071.38354,3765546829492.9263
4496,71715565500110.62,119113533165.4065,4698819854523.241
4497,32688962722160.71,252708635836.49243,3732722856129.592
4498,28172271804773.406,192914388303.35254,8034516352313.32
4499,44744839634614.27,150881127619.0918,6040057797970.774
4500,51915790264232.39,157209616970.60547,4505930908588.058
4501,28200396186735.21,207065206538.11157,6454909755107.365
4502,68114856494432.7,168273067822.94263,2896054449982.6973
4503,25544977838886.35,272920416235.76636,4374044110873.8286
4504,29206440294498.234,199554168537.27832,6883710378872.258
4505,36581685253935.69,246568647922.5603,3341569526456.6997
4506,53842956697601.27,131496291105.63403,5918916717062.505
4507,67383626777295.625,162889344506.84717,2960507600208.269
4508,47986736073746.36,171901401477.45898,4258185502256.149
4509,55939436318444.79,209730294254.97485,2571027087347.6147
4510,30674378179280.4,279345598970.5,3261646510924.651
4511,27112380581501.184,240504643138.1277,5246171078575.962
4512,31679998930661.367,196568236010.62207,6171691768551.719
4513,34292379923845.1,217638742225.31738,4367017610161.2715
4514,43470958282844.125,179260284459.33032,4513039623245.367
4515,56283863119714.375,156491079895.21655,3910269203336.6743
4516,68264734988811.21,117977708664.53467,5410135813913.422
4517,24280684974623.766,264615797367.583,5162464838137.345
4518,52423294897937.234,156319574840.54663,4476131777733.492
4519,47347896917380.34,179989015525.2068,4070478010789.2627
4520,22463606180233.99,276359180455.9424,5378721701352.184
4521,39591241706047.89,182719809496.07153,5147883699127.6875
4522,49346930139723.016,177784001101.18433,3889565551051.3
4523,42262875072081.03,203646652974.83228,3772592250747.461
4524,30710144600033.24,222422379981.61914,5390646662521.591
4525,52023214500746.266,139390195824.14233,5848441849541.069
4526,49424738178281.266,203251005701.29956,3028482843311.222
4527,46729764588506.68,224453837286.15454,2815486088874.623
4528,64198065451983.39,129934906657.87183,4830244598895.645
4529,45879902553399.31,212849612730.7859,3183636859590.3496
4530,38143277412019.05,240696754469.47827,3332087158128.767
4531,44615889432410.72,191957046300.57202,3891193743680.43
4532,47569546271503.47,190106212327.91992,3622149367299.586
4533,32414183816765.273,191236325353.75635,6410872620245.095
4534,26227918653373.477,300511635887.4099,3629465098414.958
4535,65050749285275.79,128091897488.41284,4816261327500.071
4536,54895987868416.1,178274979947.77612,3141295660661.267
4537,39992309285710.6,152082459835.72534,7629368021508.434
4538,27482439810082.76,261290628775.03198,4050309880208.968
4539,28211727391590.242,245433881107.47095,4946499775798.734
4540,68040694060627.52,157720242799.427,2930680913155.3433
4541,69105394063821.26,118644427621.97021,5274625439436.201
4542,27324930572037.043,207338945902.06006,7236772622249.679
4543,41988385208472.055,182484293070.52222,4669715898668.107
4544,42374679701551.98,168004296576.05103,5329163351709.199
4545,20881539821344.594,297357614398.8801,4569549316075.386
4546,58394369216601.52,159927973188.04468,3594349530329.726
4547,38810657173821.59,174992165954.4646,6062000555962.126
4548,28344938897807.9,235767244871.08154,5307883734759.272
4549,41702667796021.914,220792050703.73438,3498644719063.097
4550,47885178899945.09,144133104832.22925,5929732878238.467
4551,27360471589580.38,207200508684.1372,7235475779272.122
4552,35976282062337.46,233069959657.1787,3737652947581.7925
4553,54965740730522.85,145786527661.39185,4514344129105.709
4554,34380930855414.586,165871521490.18457,7622597499833.593
4555,28873049377522.57,248486656520.9331,4588825551453.804
4556,35925563575656.57,217639681620.72412,4201842631185.8145
4557,72550109326835.84,117386957683.76294,4894350220531.604
4558,46557394188907.73,195160407749.28394,3563428687696.3267
4559,26647013202238.36,252031376704.07788,5156044931971.4795
4560,48533015399281.33,168193158261.1233,4322185164318.593
4561,39540196778686.56,202586789671.427,4252869137615.883
4562,65377353844348.555,122071285192.24634,5295699093824.148
4563,51819910294617.664,189445964223.48755,3207669589405.3516
4564,29161492311974.97,295383476513.44507,3184242398244.426
4565,31012328741141.41,231713755909.05664,4911819158700.499
4566,56464274744165.14,135852701009.22241,5331907147672.723
4567,47565368206924.08,179385498872.81543,4057026117214.6577
4568,46771153206259.29,190474213021.69775,3727699531759.9517
4569,43457093498888.64,158549568879.3042,6044617946066.249
4570,45209979538517.414,169062966600.72437,4762652279536.23
4571,43067156862093.64,193195468900.3772,4147013039901.1445
4572,41416024765415.82,226926670839.57397,3203691058229.6787
4573,27734084726469.395,261556593507.0957,4007162399225.912
4574,58178419981929.45,151405332536.67993,4017912178985.529
4575,24224594737160.72,282068519267.53516,4352226917881.2363
4576,38277511199798.625,155019634865.5271,8401458943731.918
4577,52087841439333.516,164629541648.16162,4220120019387.514
4578,27381634649087.305,217732994475.60083,6433572682161.289
4579,39681255600924.836,235193626547.57397,3128596544938.602
4580,31605375027079.82,347716515160.77466,2661214699677.5835
4581,32435615961747.86,209780803014.19946,5444577464654.641
4582,44612547376326.484,158366394270.4663,5471679030812.271
4583,23196493058826.297,277998430015.46924,4836553171590.314
4584,53500786824281.78,239882614465.0061,2377354164549.8765
4585,30616125341178.582,275599909856.5105,3461313553422.6665
4586,25497917619288.312,291641360902.3938,3636751691814.5015
4587,37383534175393.836,207387528361.83618,4176876060852.755
4588,48567380158658.555,212501117610.61353,2855846739007.218
4589,71271149921961.72,120041330295.71924,4894962244090.299
4590,44202252025805.77,246194773898.33447,2601102004898.3115
4591,66408656261662.33,175572503589.2776,2736533298947.8145
4592,25436338126681.42,313140212843.8655,3367072863815.5503
4593,70279620327553.086,122335129333.8628,4896557520381.997
4594,44222907756252.44,150804483850.9392,6283447017174.269
4595,48408255150693.64,224512118554.19507,2698805790623.219
4596,32793217632377.52,210445841498.10522,5385141166438.204
4597,61999688216439.12,163575947742.71997,3184304349494.6055
4598,33078005419782.047,267770558379.0381,3104087375591.035
4599,42843416748168.37,256807189002.46826,2513931721839.5244
4600,51296634422877.664,157110679962.67773,4592371483064.864
4601,41239880525241.65,163405555035.24463,6161658920707.428
4602,37844818523606.41,159888307382.7556,7920781100490.027
4603,41306354152540.9,160190926087.66284,6249215901747.861
4604,25284700500487.3,232938181243.4348,6064466440342.307
4605,54603160497216.61,222882163773.84912,2430137807996.299
4606,44839955826324.445,234019333907.1897,2757049029552.6274
4607,29717647892918.992,197919316074.6001,6551076680100.195
4608,28655854651392.42,200701422663.04517,6597813310626.373
4609,32583554804869.78,200502931168.00854,5910638879550.251
4610,30355354676978.77,226995040003.54443,5297201355762.523
4611,41317912220931.2,187152316637.83594,4502629763077.009
4612,47643591210928.33,159848439644.85522,4594168419554.493
4613,42439957469136.07,186339318537.32812,4321596008693.917
4614,33307481179333.895,297281907603.4363,2752966033301.441
4615,38717823710856.48,256051272268.7522,2890850838929.9478
4616,34290502970014.01,313905216596.40405,2661479377469.7583
4617,37924776112306.21,181094856526.56763,5648763942743.368
4618,35961544946268.73,227849721377.92578,3972868883652.497
4619,40470006978430.94,208903773047.35474,3967922893510.0337
4620,45987792113848.13,151291158991.07397,5510878827273.885
4621,43785179818414.79,189237747626.9348,4098172354337.6064
4622,36843904384972.79,180449992297.32495,5858162778280.246
4623,46085962599757.016,171281248666.6848,4383705683302.877
4624,37854510952603.65,229832207439.18237,3634024678650.202
4625,41787362925375.51,193907576974.5266,4111109951086.399
4626,44951455492743.39,177224313072.14355,4375466555925.4497
4627,49382444191266.44,192309298096.99683,3389528676120.5073
4628,40134042080896.445,165036664052.89868,6270714258926.548
4629,40420763511762.266,151969354146.13306,7375438099835.644
4630,51653275985109.86,166520105081.33374,4027382039981.2437
4631,30205309749405.176,199355094950.51392,6391284814848.464
4632,31042245629108.92,223081919344.3916,5289421618600.639
4633,27275873429179.19,219876699416.12402,5988797258853.9795
4634,35031915392437.5,253171098044.61523,3158304958412.257
4635,36957658095650.47,209753477530.47705,4318403415809.294
4636,55436047070108.89,146571903509.38257,4370799694399.9927
4637,43626745549604.86,159821183082.3103,5511247353295.904
4638,53382854146869.25,169608658616.34155,3752620041428.496
4639,25221606056700.105,244851799993.84595,5515246609596.607
4640,37832980832084.74,234654380720.3855,3489686917540.078
4641,38409286335861.875,183338932920.5681,5398081242807.233
4642,26983716308811.03,206099418608.2793,8070914056754.234
4643,28044277082331.17,260806065054.66162,3939408184666.0244
4644,28131426824661.23,285756060599.21655,3366428843844.6377
4645,54525104217643.92,144475849396.1565,4661174596641.112
4646,41537918963717.086,167811929357.56274,5616016372045.388
4647,29000305198233.375,244193667733.30884,4738954300366.927
4648,55406801539903.39,218561263550.44653,2460159887489.082
4649,42407340590315.13,301712263550.24,2360475734926.87
4650,33299823394880.684,178427268417.53833,6942415727854.336
4651,22198352914967.65,283847739187.6787,4786814093957.821
4652,26658576879967.965,241103994340.92456,5258826832569.913
4653,43182234446466.74,287461187411.8806,2454868026866.359
4654,24965197049302.848,264195313988.06006,4919252929191.205
4655,59687575082099.85,165850819769.4143,2950162130790.8345
4656,59576033105884.875,164495103233.77612,3008227553184.974
4657,33609755947260.52,212035165647.77637,5190298873821.667
4658,24023991330005.188,285500454149.6272,4212126472431.2583
4659,58214169906764.14,140218187007.43433,4415605928045.211
4660,27709410782413.414,224358468213.60474,5898701180010.564
4661,39891130854884.25,257421068779.4453,2682704118671.1597
4662,41338531044706.15,148668357818.9768,7171099772069.149
4663,38038613138710.53,216220426896.16333,3981773338014.9487
4664,34516044111746.742,221102251873.26807,4238881922485.447
4665,32261813573665.418,213856144982.38525,5244660100141.049
4666,53556644289979.97,230793845845.26636,2350148391897.907
4667,27803288853039.86,280245297515.27075,3706973883698.4087
4668,56159937684971.1,145378263708.208,4319032624271.6377
4669,43532350280052.68,214180252974.86646,3288427146690.644
4670,60533295781168.89,142134182270.3977,3997576193290.3438
4671,21741225550899.414,287692617601.876,4756140774881.331
4672,41830187729035.17,209147327894.82544,3703475246108.048
4673,34365579271916.15,217539950409.40845,4664791183120.289
4674,55782637124079.54,128334276583.17822,5852896001344.299
4675,56349329815604.0,152869020523.9829,4050728230217.8965
4676,46026093067676.32,187708236224.72144,3937998742969.369
4677,53967803338973.516,149143195926.00244,4592151000740.25
4678,48307765913217.016,215352133226.54688,2877469992699.275
4679,41564104844932.914,144835481666.57837,7751200455014.659
4680,24685372103340.76,247032837764.26,5581693452303.756
4681,39118715477009.44,192895903871.34033,4644351602876.849
4682,60834816746908.64,155843943452.19458,3457236289645.9956
4683,36088782752436.01,227584287441.4734,3937303926183.397
4684,34301895988719.14,254844130093.76538,3321492837715.7266
4685,37297372459652.97,329799232961.6636,2403885986393.755
4686,33645941293685.895,263019811778.03442,3208605332941.057
4687,24511503861826.965,254148853889.0122,5449886917113.349
4688,26567421329190.23,253956161232.13208,5045032455779.411
4689,25874529100699.715,321701419037.36304,3055482540130.285
4690,48854450107672.98,183605693457.92505,3665339863103.0576
4691,41592377061200.75,225028402777.9629,3181909264318.4897
4692,54750794464000.664,159431805700.0984,4033775373173.6367
4693,40200324087891.055,233437323606.38354,3182984896174.4
4694,34229515951819.5,174174018957.61206,7053429705307.463
4695,54041565190371.664,177780625758.10425,3373491892776.79
4696,57664910135901.12,207593246487.50024,2486916016140.1772
4697,61255091819362.68,153643368700.40405,3655044866867.41
4698,25987711899315.016,269088069755.6184,4548108683176.601
4699,27285336168382.57,208175235406.7317,7223511756670.857
4700,28594773489827.824,224260956233.71924,5758690246114.969
4701,41104786828523.914,212024338924.1018,3762714541211.1064
4702,24905737328638.42,259820023567.5979,5157159899188.815
4703,34551953926628.562,281161828431.98193,2941856078757.7085
4704,31453924980286.996,232118047376.15894,4811391211311.157
4705,50481703864088.36,185730447627.92236,3453292560970.935
4706,33304298327542.0,206157100457.5061,5476832067245.932
4707,49061685873305.266,209919216408.73022,2940612467932.626
4708,44420820588012.234,202105251610.10425,3499345378501.013
4709,26232336263166.58,279443364990.63696,3955043091010.761
4710,62125131760388.06,138448481727.02368,3985476872367.4985
4711,43232272349324.61,208225945553.83618,3481724811728.4565
4712,37885934890033.6,182098304271.52856,5643119776964.935
4713,46417872400824.56,157571261462.34033,5081271304506.782
4714,48014074301604.95,179383640323.40894,3971833197670.792
4715,62712161145262.4,160533976023.93628,3211343342584.5034
4716,30702762773333.17,194541416666.24146,6782897009873.457
4717,34295139794851.125,207884862257.30835,5193280058157.156
4718,54342868320194.73,189131976513.03613,3071388819666.2583
4719,53616340946521.54,165121081482.81177,3910568328260.965
4720,48265076853240.54,237933285460.177,2436782701804.877
4721,30325637736521.145,228246411550.5188,5186373807231.105
4722,41887933996550.75,172637424597.9397,5284020221097.388
4723,58072999773134.52,165706112811.76562,3392838675897.448
4724,55161686516084.32,187027148089.73145,3018846203370.2295
4725,30422428540764.367,279957806598.5029,3272729463782.518
4726,68205094924597.58,126911963850.73535,4480890519556.551
4727,45713495795044.414,150583526230.55933,5893326291516.578
4728,51048516630789.38,168461430792.06738,3990689698212.3003
4729,31532712582046.594,199112714956.76196,6112683259738.883
4730,38459919281870.86,181272181840.2661,5599989505880.899
4731,62502786914978.8,126825635650.73755,5435409678543.753
4732,33613161756860.664,254633438536.62036,3387551998744.3296
4733,23603213156201.465,269149301119.34985,4954221095469.072
4734,54345393752860.47,156025601615.85132,4241387694568.166
4735,35334093558229.32,251212765384.14673,3355830601712.994
4736,62960203225611.73,134870460200.87524,4008805937300.6475
4737,49582687609098.2,184464063716.02417,3499179864589.788
4738,46077479101548.45,153980564124.3357,5314245354794.961
4739,44560691183472.52,293424052042.885,2425958976981.8457
4740,62587561503715.6,131847642614.07104,4095774322276.782
4741,44442337799196.54,190462762069.77148,3965962215170.1733
4742,28898935231223.58,296889625443.3335,3180628923833.496
4743,42816900764620.01,144893077778.16235,7317774919403.204
4744,55314928837148.7,164184374769.48608,3701103029753.3364
4745,46600956382095.05,195260451794.7185,3446818292085.958
4746,23822578869514.258,272632417210.02368,4647633104394.003
4747,56306100141531.25,223263467196.32275,2405451982332.067
4748,56763278631536.98,145928958665.10547,4248489415550.279
4749,34598492055711.055,211632176217.74536,4907291986712.353
4750,42968116066183.92,201662788928.64136,3864632870918.211
4751,57208504072154.09,158259620115.01196,3767178331492.2036
4752,53882779921115.055,173484404017.39478,3600567005525.8145
4753,53398981753878.55,174506729265.49976,3638898000209.804
4754,36297332280455.23,209413875257.1809,4541419681117.365
4755,49424180422743.93,178264122007.3286,3798145810674.43
4756,34205218408770.836,293801732916.0593,2838789393037.753
4757,27789563261504.91,206079130197.0061,7228704133667.008
4758,33711720536922.13,317523042694.74316,2684032725794.5034
4759,48924023511589.82,213102906235.29614,2851804297737.239
4760,33341345844197.01,208589968892.0127,5239431881807.618
4761,27284308224787.5,215017587066.32764,6695049622039.9795
4762,46263465720055.1,228258202538.74268,2786841695008.075
4763,57934651800204.58,143584526590.32544,4306121316175.9316
4764,34200938138867.727,182059697114.97046,6239605893925.394
4765,31172461245308.242,197324819254.33716,6338409636340.846
4766,46208849759699.055,228862871967.4402,2790310742394.013
4767,42404904148937.23,301879463133.50903,2353768610160.365
4768,39706228437221.25,320097199761.1155,2448968140368.439
4769,26109658848759.367,231174057394.36475,6176811627135.961
4770,34113096237400.793,208360764553.2307,5216646931270.872
4771,27657654683209.02,208306507378.22485,6920499353655.708
4772,30623138960090.74,274926577897.6738,3483730602255.7163
4773,26052015171226.34,268976011161.84595,4600370800779.593
4774,47811073423171.17,139004915254.85913,6067597465014.821
4775,31222428165143.25,212472216796.9485,5747637702921.097
4776,41627608611633.484,150710517983.21265,6920338830242.315
4777,22939770045605.742,284164320631.83154,4642810192124.292
4778,24604730312741.406,218647030019.64185,7428922809736.861
4779,58890155323432.68,158124461664.85425,3646603956257.1387
4780,26330687246004.5,282548489486.3811,3902363939279.9507
4781,34993835855079.254,252764885202.6726,3362698186228.804
4782,30566634656010.547,229212553990.24536,5145548134887.901
4783,44537863051602.305,150397545415.50635,6244180200805.483
4784,41948840458583.97,171885117316.22754,5213876521591.735
4785,38326945258938.516,173611723380.82495,6289660113082.862
4786,52393293741167.34,160378591108.24634,4255544478751.9873
4787,75344929867232.38,110114326990.0227,4705223150413.578
4788,45992269043336.62,243824470214.60767,2447468028641.2544
4789,26374856144416.027,267343474743.4309,4574456582288.389
4790,30361037914078.547,280312457883.78687,3330852669505.564
4791,38344339618560.49,185353163897.2085,5184057577632.993
4792,33743570378949.133,173183317232.41626,7275140952823.171
4793,47623807737964.29,226133643403.61182,2788559646217.0273
4794,23301932506228.58,236171956454.70825,7134638295226.234
4795,41297470758459.695,303532989548.1831,2448982132238.545
4796,25551166530566.28,283383593477.89526,3938024810003.275
4797,45942450854600.37,187992460960.18774,3942187645340.048
4798,46053834448413.18,185000040835.58423,4001020579781.6377
4799,46923780835666.12,161898669489.62207,4873890896943.284
4800,35520644675534.586,202721941727.09717,5210076866707.6455
4801,37811082067508.52,200218343820.05713,4705093837698.736
4802,64700919499693.26,160191265877.4319,3069737115315.606
4803,40935100819955.984,234669853890.40283,2988027866560.045
4804,31342198991388.87,195677238929.08887,6438078651937.0
4805,24697173402627.28,237061545448.77075,6463918731296.471
4806,32217943293186.43,212523521439.77393,5466301714884.002
4807,29580344345304.31,232874248473.3142,5194307290720.831
4808,63800671794880.375,136543981980.5188,3894361469876.8926
4809,26432600100358.465,281504603231.4021,3881827746048.113
4810,63323191175039.28,128032196558.76733,4945982112263.8545
4811,42357794046105.414,158549553634.16797,6236332633941.9795
4812,27495386120703.848,237200337283.98047,5375171251168.591
4813,47901566860514.93,223128461647.53784,2762804481414.872
4814,23681297363386.516,248180830206.5791,5824677159688.901
4815,48188112674357.51,230503879201.72388,2556298155561.6655
4816,65250547041584.164,124199380233.57056,5169384861735.164
4817,27892875924939.684,202155905013.75806,7489984581415.413
4818,24139264304123.266,319823957427.24,3403269478379.7812
4819,33893593706996.47,210734768365.5647,5142910075566.356
4820,42338158073547.04,154174743456.20093,6433446174510.542
4821,48144903638120.52,205608590261.64868,3128654023264.5674
4822,26141893856816.38,267949677453.48438,4572872396529.0625
4823,56961395569842.6,156041557132.69995,3812288985875.6084
4824,46420593931335.28,191747210261.28662,3679019336231.1714
4825,38634330764113.72,194008632459.46606,4692220983801.459
4826,38968195807358.95,164188835725.9641,6727060529871.21
4827,29616849011756.29,332155332279.37573,2721007552693.9604
4828,29759481069416.8,221208773480.5476,5772492052011.813
4829,45608364634434.44,165193957229.42554,4831236748768.982
4830,43996684632657.734,177769531611.94604,4480271591634.511
4831,62535683551310.28,159838608715.74585,3252165836368.0933
4832,28802163758245.496,245256107231.2998,4711456179240.909
4833,41315143830533.85,230064952667.2124,3102570972140.6597
4834,26143658612604.62,231011185268.51953,5997295489402.651
4835,54979272511047.484,151615324810.02734,4244258673424.6196
4836,44144144547715.836,165154839448.93994,5298811670332.417
4837,23612195474930.277,282847761480.8987,4616821732200.419
4838,32311615366686.164,253899861430.84692,3738863169834.556
4839,52001286549384.37,233494070257.14795,2442494637726.9526
4840,35087229688003.66,197373561347.39526,5607551667114.3125
4841,25055477409212.02,257331904393.34155,5266261384321.759
4842,40295636841775.75,172808299307.92822,5491483039735.832
4843,39300103286022.78,155225781008.36133,7165933337809.355
4844,35536531111257.484,228310660640.84692,4005486607719.1157
4845,32424019510429.28,226355766618.80908,4923458531995.878
4846,23404401181056.027,262801686957.8484,5367384601461.148
4847,40775367686606.65,188640009081.87524,4545312173222.819
4848,37013768525956.39,223331441107.511,3678878095955.2603
4849,28309240585568.742,232601664219.19214,5418290667580.214
4850,31635339755545.426,245370167723.95483,3986464204212.759
4851,64696634416870.4,125242592898.42847,5184662124058.954
4852,44177699268400.36,141843175694.10254,7071885845485.251
4853,29450336624720.06,261505899159.6233,3731953252850.238
4854,39482037327406.85,237123719320.59546,3207731667590.901
4855,29092760847033.812,207322839360.13257,6253846013945.739
4856,30160217008841.043,192515695703.76416,6842189069326.569
4857,48005517586460.48,156240616653.55786,4863102538367.465
4858,31019455368530.547,248534918016.10986,4027476056441.802
4859,51992718623106.99,139566498388.17847,5836299252953.693
4860,37880167033771.734,234519626023.20923,3520971760799.7173
4861,30217218856727.695,273309640970.60742,3534353356127.404
4862,44907915223671.85,165276924858.20728,4942189951795.742
4863,35858482846120.25,216198994800.23633,4263005660425.2773
4864,63383613407433.984,129721829154.18384,4834271173946.775
4865,44750977776601.99,151957269627.11035,6028656282955.299
4866,35424027276243.54,164132679294.61792,7422511560487.67
4867,63587539928277.12,160961399538.39453,3063342318611.4316
4868,30506842984827.95,234795322135.2129,4901333383056.109
4869,40035446085112.984,171448100330.1582,5765274114931.433
4870,28081787510039.08,246010957410.39136,4963368330084.8125
4871,28175144419668.39,241527848289.85425,5143185523898.195
4872,49694516619825.11,226150433086.27808,2628152979085.9893
4873,21894429686735.88,249138656784.59937,6163832824216.514
4874,55856378892034.07,174664253564.8103,3139302722977.82
4875,40421437543778.04,195614058748.52466,4262213809314.3477
4876,24699921321821.098,237044617629.8523,6132002268621.885
4877,24172566760594.383,251067360118.72974,5460905584072.646
4878,59301587735435.08,189968567567.7146,2758010173949.353
4879,24184476839910.9,272144290218.38477,4841710592438.218
4880,33000999447266.406,177822712094.78833,6967426882681.268
4881,47217042837105.52,226693601187.9524,2722006745842.626
4882,22350662431490.105,277312014573.66406,5439321698510.079
4883,59057040765330.016,164854164157.17896,3108607665610.454
4884,55502253144619.98,174918713942.5337,3315728770853.9917
4885,41304312006033.37,218174009163.77905,3591440690676.793
4886,24485460451129.156,248664435509.16382,5581199787937.019
4887,35650407050332.03,219523124433.22388,4164000663322.003
4888,40985008946985.68,204433041114.67944,4050816104199.97
4889,26910586924279.016,238799726016.14185,5420048155091.582
4890,29417020763256.66,243215326493.44653,4659453157851.993
4891,70155636862788.64,124995858397.5769,4695130531820.891
4892,61890741598759.36,143560579770.53687,3924016013038.0464
4893,56985099791468.164,139692813657.07056,4567268013737.477
4894,38690997210568.14,189571839965.59937,5134651065491.482
4895,24881726541485.637,275902673819.1836,3975713582897.948
4896,29068369527580.75,304259032215.0945,3043665548392.9023
4897,37296289353504.43,183638615728.86206,5563226446183.646
4898,37095083123089.37,246692388984.3181,3192489644583.7876
4899,30134788379700.96,241196022045.6045,4598907979407.424
4900,26369591228638.91,216026819494.82056,6695299578784.501
4901,28844281223858.215,236198886760.1223,5202971017735.172
4902,34636583465889.926,195284563032.40137,5803767188972.79
4903,63720241853466.766,131730058760.90576,4772267086172.937
4904,55151874893303.92,169617296577.73047,3484398907587.2837
4905,25783886540786.906,248002753052.3828,5282016207785.474
4906,48859101999947.19,191705487477.0276,3440589593593.4023
4907,32167893203382.953,208509166029.96924,5687194120493.149
4908,49410275153881.3,172884855377.6848,4048306602756.9727
4909,59200122379146.0,149428169200.73633,3907625609562.507
4910,61835159403136.1,145416288647.45386,3800714132544.607
4911,46772872512884.12,166559762911.8462,4589541782401.402
4912,56488469901578.555,134207068074.08374,5251992115518.628
4913,52763268602182.43,153448835739.30884,4471332997378.825
4914,30127774824402.414,286558544032.4485,3033633471431.056
4915,30431424824658.05,235836238949.84473,4876541994205.435
4916,29747787640501.92,295194686965.0344,3202466426170.9
4917,30622050172669.332,230390867845.46558,5062469080403.343
4918,50824309718744.72,158738032829.68042,4510937491100.732
4919,40730448685879.42,172190720861.64795,5434071720926.283
4920,43290386035430.57,154460780297.7942,6308320169079.837
4921,56974789231142.375,217677746812.76294,2413698010336.7373
4922,56945261203523.97,179350765487.08496,2956467636370.615
4923,42260118094301.99,214842297259.0525,3555681396758.754
4924,26532905447927.043,236673012134.26904,5697367529938.281
4925,56736950465179.78,167855209681.7434,3424908571715.262
4926,61310805160750.95,151755267293.04956,3632196546309.3413
4927,53435755028789.19,161516890615.87573,4040936643426.481
4928,37152981677708.51,234524607188.88232,3555387309536.286
4929,40649261022361.01,174733365254.16235,5422144253343.905
4930,31309614304376.758,223235640728.8462,5267419948070.169
4931,40166679493287.66,183447715372.6902,5090110281431.962
4932,27750036224635.848,230225049117.49072,5841503038547.378
4933,31484340453236.062,200496874658.8833,6055675536604.419
4934,25870931146385.09,328106757249.8208,2954719890802.088
4935,57375193827647.17,140890205693.37573,4499582525905.776
4936,43285637982043.89,149602977698.1941,6493654851074.896
4937,49500303551355.84,176900429308.73853,3782843155272.661
4938,50718723935009.71,184913270317.86523,3379045962975.821
4939,32003223912994.906,194635044469.58765,6181114964518.677
4940,39213546611006.836,175810707183.7058,5505532616334.204
4941,55456358971416.34,176909861294.96753,3279938028246.297
4942,42649704925264.1,237219122138.6643,2748605990769.728
4943,23324319923913.074,263184536568.2937,5389310054385.157
4944,64999049726140.234,153012364640.88525,3252402140857.2383
4945,23858556339434.1,281328123616.32764,4602457472104.703
4946,52998949449047.92,145139635074.65308,5163121572618.102
4947,32853068418831.47,226084424475.55396,4209063941284.604
4948,27013779021713.996,292142339629.69507,3255800745781.733
4949,25856882216013.96,273933637099.77246,4084406853441.366
4950,44371148410609.33,243878847500.89844,2673676661823.158
4951,36268081187154.46,224864945118.55127,3947365019748.673
4952,32971631519330.902,209722359244.23486,5410622419950.327
4953,37991538619786.18,185942452477.4995,5422945965548.204
4954,41557495098648.375,295379968905.28,2488464795995.101
4955,38512614687690.78,171525395316.44824,6314986437206.76
4956,25987052792377.367,254919583239.05127,5189537653753.416
4957,53044752576595.43,156591988242.31665,4226773598196.4805
4958,38741389733111.086,264058683890.67407,2746517362836.941
4959,37884561956748.766,199131018353.4109,4753056341159.683
4960,73366117060774.62,116009233093.32153,4828143838531.162
4961,55363330854627.586,169440765340.24316,3537828991985.414
4962,46401374582218.22,188957731786.31836,3824604152348.4746
4963,26321986857084.766,257449344783.9707,4893507427956.999
4964,43126525266499.34,192284666152.69702,4082065055781.6084
4965,32087224728458.406,234267161315.9712,4587363213067.273
4966,43943549337860.43,195753372144.4292,3909307702955.493
4967,36962834571838.92,241192347981.03345,3312898058589.0713
4968,47320910757138.81,166694474394.2942,4439344108814.792
4969,46955725308276.35,157999120515.89917,5068001035465.36
4970,35701741167840.53,219760878565.95508,4150187653239.364
4971,52737419761117.305,222240707237.9685,2594520660759.594
4972,43627289829671.04,159328010467.15015,5512107876231.073
4973,40410886949095.94,312658500567.7981,2448974037970.281
4974,32558127988914.547,325489339540.7146,2664266793483.84
4975,41663042848409.2,214912561854.34448,3545667103435.9067
4976,22586144634523.367,275301469951.8738,5353923281701.905
4977,26293487116614.258,282083879681.16016,3927989392877.526
4978,47831663838279.86,239864067614.44604,2506502931767.4395
4979,42275890067816.805,203598434925.29858,3833657504202.288
4980,33251055012981.418,325221550365.06836,2616684982865.358
4981,44726563057661.94,180748947733.90625,4371268560713.0986
4982,60292802034109.195,126780094133.27661,5780268223307.641
4983,32924261392953.44,190232442118.21094,6398534609965.516
4984,36397236153019.305,212536306697.47046,4180475764712.1934
4985,25060812014498.61,267711673458.8086,4789925708925.814
4986,25755777007522.58,318195051754.8662,3152764798214.842
4987,26344878511518.043,218031800249.5774,6652047498107.204
4988,36112937286392.07,201563626743.8938,4951385042564.617
4989,39926161484008.28,246727701719.07153,2967365801801.291
4990,66429444236634.01,174199529103.615,2763873717740.3926
4991,31804994912888.39,228284346692.89282,4975523130601.459
4992,27391936888116.203,275290105876.4634,3828802734662.468
4993,48240160524232.734,238942688860.62036,2436147082585.2617
4994,23093625384527.207,244824291398.1687,6030285662841.291
4995,45079995953767.58,199524083466.57495,3587693356150.4355
4996,54192445096768.94,151094776963.7483,4380974515655.71
4997,63814026186115.53,135492336891.75464,3938169703648.742
4998,47962551467909.92,181600503941.50317,3912078152373.37
4999,45877049405116.03,269765213951.17334,2391233779304.19
5000,31440654753966.973,203626606928.9646,5980198677402.471
5001,61523783682764.086,149337236176.71997,3631029329729.276
5002,54653307648136.41,176388268572.90845,3343547113207.272
5003,44725952644008.48,192110794140.34106,3887086307900.9824
5004,49323290420540.78,236515223713.63916,2406668174992.308
5005,58716083660027.89,158800710582.42798,3657108668735.569
5006,45990908063847.27,145590659603.364,6229043620111.235
5007,55560379418144.336,143141312030.90552,4502242849307.723
5008,42906549003790.17,157192571755.6565,6285871423149.855
5009,56444282902317.6,220426741164.00903,2426413317915.7534
5010,73410432152963.77,110632539095.59985,5821452993433.686
5011,35526658885216.98,266508333541.33154,3022957031058.1436
5012,47946052300680.19,227243789596.95654,2689781417167.81
5013,44917497677005.664,200697344509.83374,3481654755418.6064
5014,41787194912448.8,194126501509.57056,4110794411358.638
5015,26477382267526.97,249859807087.3152,5189542363295.818
5016,53259549169848.86,135322943466.41187,5823423142411.578
5017,37868838550983.484,230323462206.80298,3624375334720.0312
5018,64945796134258.26,153560955086.03906,3252401631816.5073
5019,30071592387501.16,315832593339.9241,2873846092879.854
5020,25044559519669.27,248864645087.22168,5409874551560.902
5021,30172376301117.367,278598026739.5603,3382224221103.912
5022,31511721144548.82,232687840922.7766,4650060062140.828
5023,37015619743925.05,256428704521.22656,2961807319732.3037
5024,44273934389936.805,211356352890.9004,3277296268923.867
5025,40817681862447.46,316440190185.8425,2413772851008.135
5026,29922852292895.25,191612897037.365,7049124288761.111
5027,43159249501353.78,154836516564.1499,6296064924418.297
5028,59082570769094.3,192666638745.87183,2735178463545.1465
5029,59364793089051.76,124950270302.40454,6016194260873.327
5030,38782087834527.86,193950878767.8125,4603636696230.56
5031,36564603014501.92,186262367823.36597,5744560724542.39
5032,33090685844973.605,256372407874.6355,3560686255631.385
5033,23323452928154.312,264638944556.89062,5386046841551.57
5034,56679913822810.99,171336111479.5254,3115440686468.5376
5035,44216122985576.18,157134492376.95605,5566034233485.051
5036,27984997288808.27,312077001379.7717,2965751028086.6826
5037,28308519623371.594,245924079519.32495,4758099775659.591
5038,52541884440068.3,158079712742.63257,4317261638655.7393
5039,25647245702842.812,238108593082.37622,5819058918749.638
5040,46115507182706.336,243317115011.71558,2501256043906.3755
5041,46962025610283.18,192309341618.91284,3544829857818.7935
5042,50155000516226.586,140420980692.81372,6033719178030.78
5043,40433388616578.414,206764018139.27075,4036734696990.4336
5044,40670082109472.836,191249180173.69434,4297621061214.5566
5045,58417905940132.98,194888992182.06274,2744587264482.635
5046,48518976704860.02,146326748217.74927,5235613922501.341
5047,33583902142604.543,250868711210.7317,3563755328144.207
5048,47057803930064.22,226144544309.71558,2761175862781.699
5049,38407161423417.76,250341267649.60327,2972984292825.6094
5050,35806465228087.48,161950520306.64722,7456034776580.4
5051,33836091568193.477,200864955386.71362,5380216116130.355
5052,51516939332712.24,130578838176.55591,7978670745596.972
5053,64199229466405.734,117823071894.29224,5523435994773.839
5054,39017645196752.34,192904463104.3181,4699084056925.268
5055,39782676896516.664,161939832396.13477,6572558151205.174
5056,37131290783108.37,211740623423.65063,4211016924833.295
5057,58677087862460.62,151008018809.8943,3956350099675.981
5058,40128908266901.35,148302894766.7207,7874670308752.323
5059,48192297458331.54,201916373223.8911,3282288449834.4053
5060,70498034945032.73,122528656167.21313,4882885639356.287
5061,43781350960863.016,155530599977.10522,6193344067196.76
5062,38769963085154.164,190031042793.2937,4951713496901.656
5063,37909405960445.766,174815468800.6145,6281871651509.118
5064,25832297406998.047,283969622197.6819,3872764224954.9863
5065,32432966125898.59,186442962764.74634,6628237656863.285
5066,35633625986110.11,200845503714.2859,5241256139297.235
5067,45315648434930.58,162758737804.29077,5032021881961.92
5068,66762632320172.45,174217667601.4724,2759694683911.9624
5069,45929423374644.266,173977609359.79907,4384868246992.7026
5070,45075664448727.234,157423779570.41772,5483196934660.875
5071,44143890706557.68,172131172350.59937,4762514587994.845
5072,21076627675193.277,283429132864.1013,5407498893387.92
5073,29590409866873.438,228832792938.27734,5334369184566.256
5074,20929876210436.082,341307579191.69507,4417474154210.885
5075,44417589309015.414,251735797607.24243,2458940136991.868
5076,45500871379245.484,190609299095.89307,3891598409339.8555
5077,42550806092188.39,219257774064.17358,3364984441598.5894
5078,29922185048982.297,288078510868.7639,3206367656150.513
5079,27483652165922.766,249876632646.08472,4836431245449.8955
5080,56215589552748.71,142207967868.87622,4595931104623.104
5081,24047333624824.4,245614765755.7019,5684818221450.671
5082,36864282158752.24,191374576069.77832,5410375143098.688
5083,25042493950309.92,226190015432.2661,6752528453576.795
5084,42511112726349.75,220677728634.4795,3360169195951.7017
5085,25011604120401.24,311859659802.0725,3530053357172.3105
5086,33734245495016.434,316803876594.4695,2696767963659.689
5087,32000036676219.016,216300348247.22095,5341805924394.58
5088,41808482352514.266,209551907583.26343,3615051208994.412
5089,25957854585253.207,230072756351.11914,6221597414216.029
5090,25575116766563.41,228546047423.6316,6565439742099.884
5091,42912915213066.44,189591210713.656,4208734453893.264
5092,45207385230079.79,173419757555.781,4429534206821.604
5093,36891974355202.7,202287756953.02368,4718306350490.027
5094,53792343355232.93,176318915046.92358,3523044553084.1045
5095,37895685576741.766,189839703789.90234,5258434132040.573
5096,31803774150661.12,316931545159.49976,2815121684399.2114
5097,52092046478414.2,165183209264.36353,4104488136322.7466
5098,42350354226455.38,212970319768.0415,3494311605657.0996
5099,32234730592900.67,216396333213.67896,5323755751516.397
5100,32805869900901.21,205765488854.69946,5572259416837.187
5101,74051612363734.08,113563507513.44751,4624260926662.75
5102,56097553980475.41,167445514116.87354,3556972070684.766
5103,36336855084268.51,325734143477.30396,2408797214739.036
5104,38464647962521.375,244162179593.86597,3046710353065.055
5105,36652360071140.63,184815894273.36304,5734986448039.1455
5106,60410162947112.46,146559528853.6106,3913148060161.4478
5107,70779060440298.02,121773023045.27661,4787663159729.988
5108,54278972814994.336,177135437529.03174,3421672883258.3228
5109,70612310944011.28,124692787356.7102,4617387519784.242
5110,27124199032906.977,316147848437.3435,2921961497447.276
5111,26280483414470.18,269082951823.50317,3992517271590.128
5112,35423158388019.35,246507859860.4358,3427278173044.175
5113,38440336291487.62,173620847134.82446,6252468193437.439
5114,61307076276284.12,125587758923.09644,5656666360618.144
5115,25245924885079.207,245577655832.7744,5499554864253.301
5116,53029664973891.695,217894286083.34497,2542126028068.7686
5117,28465814101182.906,245033765051.20923,4800990012640.632
5118,28662792705092.223,245393664510.7942,4737344810117.542
5119,32788212017084.88,210215251282.09448,5435745540197.221
5120,69510923174921.07,118795778002.98315,5235494959831.436
5121,32666545782469.504,224987359363.16528,4613343241085.794
5122,26703162978256.29,197892998482.4978,8183925251719.835
5123,29165632714281.426,240370618039.75098,4914417724626.124
5124,40518648526979.78,156024334776.92017,7059004351696.022
5125,62221091143859.51,139140873375.04834,3815454609314.079
5126,25222301149195.03,238788588587.17456,5874382189672.567
5127,28811591462106.438,232060748174.48584,5357470371503.751
5128,30114273314999.82,230682277283.03784,5158606625847.79
5129,25592573670207.793,243332108985.9099,5577705076795.748
5130,22424591699069.285,243622202359.6714,6208551529819.11
5131,34876271004424.69,212798161214.20044,4561337117197.299
5132,27561496715535.555,233908092490.61865,5506350237060.632
5133,61715073386991.414,163686701118.43042,3262705456720.927
5134,51158304172802.19,186887858563.77856,3374033314869.1187
5135,65475084276295.086,127340560438.21411,4828535654055.07
5136,37359092279851.836,212649301580.57495,4081734404741.6953
5137,33611899356440.645,214459275413.1194,5085918790726.02
5138,28336724354614.32,226883619847.91772,5634350729894.93
5139,28095362674707.656,235298619251.59155,5374498119842.783
5140,44044948240130.5,153299429391.39038,6128984476397.394
5141,39345240116700.69,238298610033.62622,3183851703971.1084
5142,30710713946605.53,236828537251.0105,4677754930060.13
5143,30682731085651.88,238836200665.98413,4636246730758.689
5144,41734968428838.664,173706336226.27222,4936491829211.382
5145,41523048100852.81,180209377352.93115,4841314058841.033
5146,37914356959042.65,170111451118.2351,6454068903671.198
5147,49954495230852.72,217969638894.22607,2625160100763.5864
5148,25079614112001.164,221515466340.27954,7179429291355.458
5149,41939479161998.3,226149041360.38818,3113948207372.841
5150,72232072738991.31,143607080195.89917,3575116658048.298
5151,42665427876885.27,204682059352.1189,3766771205769.327
5152,25942930403777.043,243204225414.5188,5397090977450.206
5153,29129078539879.93,253717503800.60376,3923289566036.717
5154,41413285251611.45,179133837877.0149,4862421628754.167
5155,56546595150499.21,150915496905.8103,4142660112249.471
5156,42289808476450.05,200342301096.21655,3888204064338.359
5157,32373875177708.605,283351876729.9231,2974830025299.021
5158,44042463687883.836,179556302165.1577,4459851296274.957
5159,56984205787718.21,159877948995.8352,3738600688095.5503
5160,43760595882287.9,176355611088.70728,4543221376891.843
5161,33904241396007.074,297250414459.46436,2827517165504.175
5162,34399016845951.45,164482781569.6714,7439211284211.455
5163,33251535113912.9,212230525491.41406,5175933870368.668
5164,40112009304062.67,213358820775.58008,3784619631696.6597
5165,42750952602357.29,191052960838.09937,4269925518089.5854
5166,27463520626231.67,309915254128.9187,3133487204621.0835
5167,38791814872831.38,189050668250.33936,4990238958083.606
5168,43877124759127.49,202383024232.86694,3658976096267.35
5169,64517710399662.9,130393009130.50928,4787563275540.816
5170,49298540708843.69,149818607527.4563,4982972866948.763
5171,53059760674017.664,162722891674.8733,4066467490915.0146
5172,22661303313518.414,249412502309.66162,5717429129461.635
5173,41425662390798.22,220671832514.4463,3533852134711.381
5174,73416433244361.03,116398863035.81592,4714038774165.087
5175,26072525684319.363,254667766284.44482,5021754082593.068
5176,37907370992939.57,215984567491.82104,4002344649490.21
5177,35268323325679.45,310759528490.553,2579103103890.496
5178,36143685412560.92,236452807283.3855,3561436123956.162
5179,41415460491146.22,224742648705.66382,3247991525490.3594
5180,41250214280809.875,183310452107.87573,4651528134250.62
5181,29006631807009.703,180366277526.92554,8868237369308.346
5182,25129309251501.562,243436868335.88916,5654140806424.882
5183,45407453146048.14,181837434553.85034,4216604352343.3496
5184,52183657303700.125,160614404306.90308,4245661932492.0576
5185,28082620567022.867,217662676453.29004,5975075456060.601
5186,27415933654436.44,219429540453.52246,5991877860596.433
5187,55721779500899.97,179330515473.9436,3089412147980.559
5188,37657792047779.625,180866554455.26538,5729805916391.481
5189,40244210609531.695,168329719786.47095,6042747054370.953
5190,45036206229619.45,157520523131.57056,5498059320995.465
5191,45825291419359.914,155753706003.9563,5317781119738.694
5192,53780869109822.52,133160885008.83374,5944534382299.8955
5193,30140090963802.895,240765933784.1306,4613244697313.23
5194,41037213990134.25,151368578569.8164,7217837155873.276
5195,26141504111624.004,245767648401.2898,5335720409167.141
5196,36251204455292.586,284028606426.1223,2739799660448.45
5197,59061416801594.41,157728054811.38208,3466862280707.419
5198,44719817489512.1,181466058319.9973,4353745003316.929
5199,59627158144551.586,147484318466.6648,3890581567455.073
5200,44163384443538.24,192973553003.68066,3883538451587.553
5201,28251778185610.07,218497531108.0808,5868664774835.667
5202,41550518701634.64,194339857944.51782,4197127179843.7554
5203,27329021943201.164,284520148448.25146,3737865816650.7544
5204,37729252403274.89,181227919313.78442,5698567399139.673
5205,49409425134313.64,179679876559.6045,3795490810388.215
5206,35282400407460.26,293339023210.81104,2682069189006.0337
5207,26929790826703.28,237057793423.6023,5455701276371.278
5208,20886261477780.016,319681802401.69385,4559341239002.252
5209,52900994702301.2,219800231347.5188,2542116806566.049
5210,53100272214496.33,162055316509.11914,4157087770874.552
5211,27102717476522.188,232853668528.30103,5602253674962.671
5212,37733740557200.52,243246951256.37866,3295302302274.7207
5213,43115490717681.38,287404393000.1377,2468021951880.207
5214,38739083916093.055,239443027028.26196,3280372661948.4897
5215,36268167057888.92,224731360264.88696,3947525141451.6216
5216,46208220323411.62,183759901624.76636,4033957181579.8403
5217,58044141818895.945,155716715897.50317,3857815359859.5664
5218,50072124996435.71,192427588020.44067,3381583696313.843
5219,26862185964746.85,253106457931.46533,4887988185546.407
5220,39092333475189.59,191868957239.6223,4656699522271.581
5221,24613208982372.945,217839174357.66406,7449556192102.645
5222,58716034682249.93,158805669487.34717,3656985948695.7163
5223,27879484254176.62,240078955572.76807,5210323426458.759
5224,42159108886785.83,164633001070.25415,5749561571416.133
5225,28120850306639.25,240573324430.2356,5170721785844.307
5226,34344317963510.836,196996434746.28662,5795689355471.969
5227,64999156942872.31,181165327590.01636,2769129918497.508
5228,41557578852675.12,145515152314.61206,7729113935661.053
5229,25222055997335.48,238809768605.3274,5873726356667.128
5230,49550364581186.35,218869687296.8064,2814528413675.3003
5231,42112649882075.695,181892703070.25708,4703774711269.692
5232,64349199197737.62,125511332181.71655,5226253173585.479
5233,51672159731301.79,145899781749.1565,5432675122095.39
5234,52635906638461.79,154927511752.77954,4474415701929.342
5235,52818701327736.35,232517127799.71338,2451921982777.6196
5236,30635386512720.785,274906824275.8313,3468119065855.869
5237,61498600199332.766,152348918012.18677,3579610816302.1587
5238,43757165308308.8,177599943021.86548,4523033074312.63
5239,35571687484686.49,287210861541.1975,2828504327497.2637
5240,34196113993546.61,319067537805.43335,2596191991525.9272
5241,32857104634652.73,250776076493.52856,3721540197497.9053
5242,46117586970718.695,229198339653.1748,2783458662747.8257
5243,36378420324261.78,214271959598.82886,4124388454904.2373
5244,44298857407941.3,208708747387.32935,3344509499731.8374
5245,48236271418333.96,225412836852.8191,2692584444718.6216
5246,34393258279596.586,173194107379.27002,7150011360458.712
5247,51913511965379.445,181541088908.9602,3467279894909.017
5248,33484118434341.02,239462089489.60596,3860544463198.233
5249,54185761954387.984,213911055973.44702,2562551948787.859
5250,23955225131185.19,239047475768.7119,6189908241394.57
5251,31074240293792.51,197008446366.9265,6366488753661.132
5252,23493442625632.824,270191860132.6504,4914344280560.33
5253,40672974428045.484,252010742693.56104,2553872226837.563
5254,41407944439455.836,227806167625.93042,3192318069863.439
5255,48240712316620.695,238309517287.3213,2438893353088.057
5256,31094777226474.02,245023208783.18872,4089395017423.6343
5257,52261603575435.36,132106736409.02563,6055260804662.277
5258,47932885027484.17,182596910200.22168,3777103399539.9023
5259,32963694238197.836,191574485856.6648,6280319320784.022
5260,30068569818571.516,255519182961.35425,3819853691326.841
5261,69972892624036.19,117424835462.58472,5408939075808.822
5262,22343682764986.184,274037332787.94092,5481343373996.047
5263,39611576340563.586,187174962030.17847,4924433501931.464
5264,47459484300507.086,179977855196.7058,4080159146079.4243
5265,45898839248236.375,151825417043.99878,5548326519624.81
5266,32327127885928.805,257579926706.35938,3613135447906.757
5267,52682916109836.43,134811511801.92456,5914180084865.134
5268,45729072835268.0,212502770761.67847,3235713980764.4424
5269,45367490313587.09,189003465032.98267,3968392261402.536
5270,56325679134857.22,160739629631.0476,3894129099493.0093
5271,26289045907669.406,223416195130.99146,6318614219226.909
5272,41512983267244.43,210293689949.97803,3685388646125.095
5273,37943465032549.94,181665380257.99585,5640044690483.664
5274,54512053519405.195,147835949940.3313,4445182296044.95
5275,27614372981842.67,208258599983.52856,6950967182598.132
5276,42666935053907.445,192574417355.8816,4201783666412.635
5277,37263081078528.66,203934271400.51147,4669524917606.543
5278,47893484858595.914,177191022225.89575,4068970588099.1772
5279,54192794163796.16,152052606638.9641,4281208667627.899
5280,24903978417807.406,307437196987.1394,3541754297649.567
5281,40156442530658.56,149793147223.19702,7770127527906.316
5282,27301400322398.82,230189166699.02417,5898026402320.625
5283,46192520466640.23,151292500580.13232,5424636304884.541
5284,33612160691523.395,224160571185.28394,4257884098138.9824
5285,38305742806197.484,299564470255.49023,2500847043405.9346
5286,37659585411945.67,171771645768.20557,6476923206019.878
5287,35739241492584.03,242441889331.18286,3519438061219.5107
5288,27466253399167.484,269469724515.54614,3864289388262.924
5289,41592916647221.73,296809134688.4248,2474316689806.5044
5290,26203167295889.76,220304802224.89087,6453633413466.719
5291,45889005187633.055,146263740705.84985,6110643803192.235
5292,33056880623728.895,222836529900.67407,4863452354740.596
5293,61793171153435.96,124532767979.83325,5676157752022.967
5294,49952262649723.02,172230323492.72583,3986231477113.633
5295,37081703886079.31,181041042492.79614,5808499929163.889
5296,51174108924090.29,160153632044.21216,4387029439320.068
5297,24646871480592.723,240159904627.55103,5781078182736.91
5298,30746037441869.93,242772091238.469,4189345153985.592
5299,48742185969252.75,200791746144.865,3212129949170.3867
5300,43403583624761.84,151130028972.30347,6285643600935.31
5301,38217056924520.01,173968067938.22607,6083330233399.15
5302,33042661212627.867,191109226471.26685,6283241974992.427
5303,25306627071818.684,316011774958.3323,3287934604582.907
5304,25917115482551.863,230571330994.00513,6267001283055.769
5305,45066671644823.45,314741277607.416,2295994845079.8926
5306,30683643109925.797,222964718927.44604,5375438666091.749
5307,33836816094767.562,190400544955.1416,6045369610973.02
5308,35600981407400.96,286152255019.60815,2837790874907.396
5309,23749536979167.668,280670486418.48267,4616642005103.052
5310,28448360377431.484,229706263071.47363,5592594954782.259
5311,28144669481058.977,285513361701.21045,3311967611897.1875
5312,55711077066681.42,181041949519.1902,2942736065401.6763
5313,31720589616822.22,326087716896.76685,2622358444416.6304
5314,43623223100702.36,209561059939.20923,3456235030481.5557
5315,40159979684576.25,178234700666.9077,5362677047133.672
5316,36753784926375.445,178946266520.7256,5885934385038.25
5317,57948299291541.55,141405597009.75952,4400721608284.406
5318,24184088360760.082,255799118035.69238,5343214747228.592
5319,43807719360599.59,156076252152.76123,6036192822287.311
5320,39494404226538.92,148321495863.3496,7939172115393.9
5321,28170689174531.973,223537818832.37305,5850856801372.039
5322,23045958511364.434,248387906751.76416,5767863583592.065
5323,41663701315165.47,204317957831.08594,3908520408233.6733
5324,44555589318431.055,233459495972.6609,2917303254674.283
5325,25908565501110.37,229838360835.4702,6521106320844.641
5326,32858547464153.125,199208550974.21362,5935853883886.177
5327,26841596098665.39,267387564177.1377,4121339432902.9946
5328,32940842702883.902,224233351112.6455,4878879043293.835
5329,23960619889853.68,240542809695.8806,5921219108521.963
5330,50985780298599.52,176782928246.22754,3646181804745.654
5331,45005141597161.97,138305085740.14648,7354528319610.932
5332,42899773363010.77,160491434692.656,6128856274980.096
5333,28263710959274.918,251231417643.69507,4588937115113.005
5334,27865875515908.293,278761878237.3728,3730012002832.7593
5335,25313111567406.63,248106709395.32788,5470362056293.685
5336,24586929128060.0,253273097579.16528,5388162561839.87
5337,45575101060932.29,152675728079.2224,5512929256157.18
5338,46556690432669.54,178227692119.6609,4168258982956.798
5339,25708140997344.33,290316979489.666,3716849541897.469
5340,31635160571495.97,225848923728.79736,5018838530264.394
5341,33700092035129.535,267723029645.62842,3102652937800.2295
5342,37438389842824.01,255063203127.6665,2969842948955.8784
5343,33474270765604.01,183777656293.23584,6572158510898.875
5344,56665167776120.47,220819224259.2473,2360756881686.8086
5345,46336965049044.04,159260794279.7168,5035694776885.03
5346,43602336733380.57,167539535968.02026,5344999031022.656
5347,43283914943424.375,164332979997.25146,5505883077613.595
5348,34805119352618.38,246541332234.88794,3572796569138.937
5349,32007456497201.61,210348020897.64868,5702998035595.936
5350,51429748072676.84,165276057103.61694,4202133121819.5854
5351,31857217612378.64,205084580130.81787,5871797982808.724
5352,30215923407536.543,231166497362.55078,5095755482738.434
5353,46164910770706.35,224495240618.521,2936528512662.512
5354,44458098861659.36,145375518410.15332,6945554560691.882
5355,54230056341985.84,186353969357.21045,3100289412260.691
5356,56178800756969.875,201274352409.3506,2637268205551.7397
5357,54864497768617.39,228938998019.72437,2362911790643.189
5358,53378757274591.41,149026347110.0056,4626615249171.765
5359,31941641821919.484,244966042465.70386,3968638453224.727
5360,59206164195544.48,150090250465.4187,3871896478524.947
5361,47214528252906.31,186391510355.97485,3856180673015.9634
5362,41272775891319.82,229142267102.88892,3185032384035.303
5363,42285678425131.695,159844154151.89795,6190365449833.327
5364,40388444694721.59,165682842026.12256,6200526161143.852
5365,25318416256978.32,261054945260.42383,5014784159755.744
5366,34344039685047.543,198995206694.2688,5734974814088.3545
5367,45672103882493.19,205786872113.6223,3261628310353.1655
5368,27665201939541.504,212480154359.04712,6740578190840.398
5369,24821144799630.055,268212670533.865,4857266394477.288
5370,39844860649002.734,230936447693.5891,3235545418678.323
5371,29313309178417.895,270909895849.95532,3691273417183.9077
5372,28027929879199.395,199784515935.34424,7615302016175.577
5373,26696665361111.723,251059708279.03735,5152284168813.459
5374,33289580374098.43,309406656454.1614,2779878149866.341
5375,43856589422632.914,139786625357.65796,7779131613055.779
5376,29928031735398.5,295758199350.7239,3152705478475.005
5377,40368725532214.52,235131709331.2102,3056289628278.685
5378,32769881936396.9,215825406887.885,5216677254204.075
5379,41914208687753.695,168467412366.0271,5495741631240.985
5380,26218573202844.477,267661166523.98706,4567174912576.51
5381,72206768258890.95,119888860363.4851,4639554953671.57
5382,53614420614648.98,142672755296.0769,5365766983977.012
5383,35522460725311.04,190039616951.10596,5931086166762.657
5384,41152496099768.984,247147693951.85278,2791846600386.2197
5385,31523297790678.438,227564725302.36133,5019662536015.749
5386,23689948124553.027,239982992735.76904,6124182341912.708
5387,34810597414337.016,226230039866.94824,4049997956802.394
5388,39381827617724.37,190080583836.5005,4898442712284.631
5389,61879761991320.46,158705581513.10083,3400618912556.4775
5390,46940301210811.625,169109955526.948,4495428402028.432
5391,63094341623079.78,158090008740.35864,3226764403778.9297
5392,26601767352750.08,221085336399.7881,6361523916970.656
5393,31808820348718.176,204865632278.02148,5916128996539.13
5394,54539082323765.56,177165669981.92017,3346812865820.097
5395,46738628753851.37,167979104103.3667,4541721101760.743
5396,52784104168232.11,137177214491.65283,5842047421852.119
5397,39378649113205.305,221501666128.71753,3644475911072.523
5398,40159861793352.43,248690914779.69775,2917986256377.658
5399,56281580727369.41,145172555135.2732,4307486780060.801
5400,25638809148966.805,257654905791.93823,5043426462150.46
5401,25468990246688.145,240752526233.8413,5749179383056.246
5402,39164504957018.91,176639080563.7373,5456048718154.792
5403,48440587743274.234,236048788655.72534,2477724882736.8345
5404,31642282866400.64,267878062657.83276,3535430522268.911
5405,46041002197188.68,188804663639.2849,3889782030981.2803
5406,48450313168681.71,237368784593.6128,2412860751907.115
5407,46014768701170.28,208564013952.0525,3230537038770.7144
5408,27808820948860.7,210433111806.48193,6668817191637.581
5409,44194070049930.58,316201820670.7261,2339073596797.8994
5410,52723970759818.66,163297947536.00854,4078168187644.63
5411,31872559947932.13,288906817575.511,2924761258443.6367
5412,29170049304136.527,239007320288.3152,5080338487724.296
5413,26633004998551.484,273363278894.30444,3977409883798.218
5414,27975636096193.953,240295284800.29663,5199131491315.297
5415,35145086184503.277,205710264949.63916,5152077614084.622
5416,55204194679791.85,150097307276.58032,4333662581234.7437
5417,21625107148031.18,327571813632.824,4352324739610.9424
5418,43193837006688.68,148465574986.094,6932229850753.867
5419,55025778039890.29,178217688565.29663,3310962876461.2617
5420,34022761720654.605,172117543717.66724,7366473820478.017
5421,43092423660849.34,202210670334.0525,3847141045290.322
5422,23642872935206.78,277034033640.7175,4737323544162.535
5423,39602384244554.24,177310813843.98413,5435391367497.039
5424,70891631507779.9,121651024190.2561,4781180603309.468
5425,55186816030012.375,138657093898.69116,5223360352546.339
5426,25032126126498.133,258740719660.00073,5110522654141.063
5427,56652775460612.31,173809314440.87817,3058551337834.9844
5428,44283044034533.65,210313561909.94946,3301689699212.14
5429,53600921597323.88,142812781430.22095,5365766813421.186
5430,41267310288566.125,188207569062.38086,4507764373599.782
5431,41555536121893.63,166174299287.6206,5654647733975.464
5432,33355627636514.06,207531235278.04614,5268978229213.316
5433,24081856966964.523,298464112232.9375,3935352381698.443
5434,48335031491143.016,171194084801.7058,4185313873979.482
5435,33152129326523.08,249042686094.52612,3744170037774.2886
5436,59068241457025.02,194210665333.65015,2690306836262.5513
5437,68678309525760.5,119360213379.02612,5358821049477.217
5438,44133162381034.375,212182067844.44458,3328452483373.4165
5439,45770903088983.6,162405057515.00806,5003644849804.478
5440,55939267083076.75,209885478698.54443,2570625426219.4814
5441,42160288025902.555,145404487339.12476,7235375375638.111
5442,32793267572020.457,210354699637.4087,5385999910142.489
5443,39070700488704.95,223614799705.04785,3654808710788.39
5444,35934824650652.086,216747447584.8496,4226700198431.883
5445,55212485274261.836,132402932532.51392,5822151408087.462
5446,33890151364134.688,171708153997.04297,7515803010544.288
5447,33600085059419.684,318581848866.8032,2670110699050.0913
5448,30147419434416.445,230453958535.0337,5147059332104.047
5449,50787681928774.17,189878324030.4973,3285718334067.883
5450,25476991876163.582,270441584866.20337,4626875213025.669
5451,51822910256106.125,189162820881.07593,3209253904994.28
5452,55425319920285.44,182933404058.64038,3035986959355.2305
5453,25805272806012.08,224992911443.0066,6607105035259.591
5454,64784585855712.984,124270590307.18896,5212975351667.682
5455,43496057909999.75,193009787643.5105,4011908405666.45
5456,47080560656385.164,223862085169.14307,2908264138345.712
5457,58790014036696.625,159605994055.66504,3596568720753.2065
5458,33136108775663.78,188774041939.86816,6442988761747.424
5459,30707342785659.42,291109589932.5515,3030799698322.0513
5460,34850695165203.29,166963367518.76685,7388078557429.578
5461,52225788343200.15,157606459714.98242,4392325872125.63
5462,24906107788374.723,259725088482.98145,5119677376838.905
5463,35650892354494.57,219483461909.60815,4165117628164.077
5464,20888293632013.246,291418797013.60376,4800329080191.042
5465,30971098938158.242,224605219342.30078,5086152347575.099
5466,34688735076618.68,173982846892.32104,7094409061476.072
5467,33892818520617.727,211327234020.6792,5141696760950.92
5468,31076916868872.0,190223823405.60303,7060350168685.144
5469,53413576370815.24,203400621998.59082,2755775454558.033
5470,50322359355617.75,174380225046.19263,3799583673724.827
5471,34343027020007.633,285384945090.0491,2886599100779.623
5472,47807032923015.836,136703403594.55249,7375866747255.197
5473,45958939607017.6,194381136804.4734,3778977984142.519
5474,45957642590572.4,186512869619.22437,3982824834293.6104
5475,31123556035662.71,184527450107.3059,7573127318533.395
5476,35941744553450.62,233995177581.87305,3738790267668.996
5477,26672400793005.82,217334057407.00977,6657223947011.05
5478,28992798454714.53,279071087779.19824,3623315006466.059
5479,27485553312046.297,231546170882.427,5693136954306.494
5480,35848553714288.83,216085503532.49878,4324894045930.141
5481,50913205236177.63,160604467032.73926,4485328489866.743
5482,45365211551543.945,154886920955.66357,5485470757233.216
5483,45573018073704.195,169506366050.4817,4505292192485.325
5484,51488301637043.87,141477466927.58276,5686325342975.836
5485,29311617640439.758,243351934141.5913,4704548231033.037
5486,31033581255573.316,294577079112.1267,2899165712982.216
5487,26818171296071.086,241198511296.65527,5237110770523.285
5488,58174106898443.05,165115824112.90845,3380241839584.957
5489,29471246066808.273,201038350633.22632,6478348819905.571
5490,30566196758280.71,293865110512.76294,2980191183037.7373
5491,39689094208904.234,179460445702.13208,5191694607137.3125
5492,39594353907745.055,163548200288.68994,6522448362805.611
5493,56313416929674.81,134377978541.20532,5408579735917.422
5494,41186980393650.08,155579588791.2141,6657703384959.333
5495,30282605407273.3,213371200395.2649,5781029065770.91
5496,56204081145399.93,148366800647.45508,4286350073080.978
5497,35689388920362.46,211056513503.97192,4681451406621.046
5498,40385671574486.91,241005056839.8235,2819708821280.4897
5499,40540455837787.92,193853105779.46802,4268336899739.389
5500,24426580087694.703,238741460853.72852,6128471652672.435
5501,57505531258510.06,193467200087.0681,2893829236165.976
5502,22707632362982.383,289736953857.1333,4598867234406.687
5503,39154091709487.516,260993918981.76,2611823595119.6807
5504,28420753760448.094,206984384383.91602,6436245131963.494
5505,45220894680609.125,148663820948.76807,6166253873841.397
5506,52290246157504.02,184508794209.4121,3272371655889.8477
5507,46784019860618.375,149302345134.6975,5463924212636.176
5508,58632350511654.22,195869594719.052,2716370564941.1655
5509,30089383048894.746,290901847701.68164,3123873489400.009
5510,35506715633094.89,230159268926.95142,3741267376744.6387
5511,36073744310898.63,186722967681.29956,5734615899823.517
5512,49777789233931.08,164982021142.4944,4436282561883.989
5513,72608173825892.27,122001269117.46216,4524326938891.798
5514,43514708630666.97,155533002969.3872,6169926984289.853
5515,33477410234327.094,276720938789.5842,3044237921039.999
5516,38332316121365.016,252579007602.573,2920371645861.6294
5517,33765777524847.53,213314004660.56982,5056867216613.886
5518,39749696573008.79,177421644500.18018,5402286598184.223
5519,32107849093318.016,221884826189.3396,5082868005451.617
5520,66271631238448.88,174172852352.26733,2778277853722.028
5521,51144813784435.89,137240525942.60425,5867827600569.02
5522,44926197472917.71,139156181902.58716,7537023754775.348
5523,30750044037843.363,200722948474.7981,6196099434457.29
5524,27887059450487.08,258323207578.5349,4475580982736.944
5525,33595541340453.445,273934464190.52466,3075778505969.129
5526,29568835760603.613,185259223889.4563,8474095666646.232
5527,25997163203415.914,222488267410.83447,6357236927135.066
5528,46581856077118.164,228133076791.29736,2824018816896.1323
5529,35409135314604.945,268803980604.48218,2942019875255.501
5530,46869833745380.71,224393064610.6604,2881414032895.37
5531,36900687318406.54,240526036564.59155,3483280042612.9136
5532,46545524058850.18,170177841488.36108,4451276489290.258
5533,43076644765073.21,143107907683.8816,7010044197588.262
5534,25246107811061.105,241940340658.65698,5664964277229.155
5535,45570866062068.91,182214493104.64038,4186641141841.213
5536,26036146002540.902,301284873399.8928,3335487081290.958
5537,31966832097809.508,288719679827.97534,2999983239898.471
5538,59113474403348.69,145874078593.28442,4027658877155.8794
5539,32045440849299.016,241498293516.25122,4101803576432.4077
5540,51851527106527.24,154286099994.5796,4614472305357.742
5541,30087891728304.086,243161748384.3098,4363710905792.1045
5542,36253988999915.31,210953514438.10645,4229251300495.387
5543,31056359023242.96,206830102072.21094,5882942662325.1875
5544,26879315426927.08,254750629863.15747,4876310173472.661
5545,47328978290766.6,185514673694.21753,3816058427965.697
5546,45312192332821.016,232624298901.18237,2811153635409.45
5547,43335232327884.52,158582418765.25195,5844848975305.046
5548,38206401765344.85,170441868794.63354,6403131420346.952
5549,57767773569783.78,160096775399.8318,3712874201856.004
5550,38729430559579.34,219470898873.47925,3762097086118.547
5551,35043904472316.0,265415837362.21436,3034340087370.591
5552,29663052787859.19,236445097621.31104,4951921990873.465
5553,22046539910258.793,288574176944.916,4705097229676.863
5554,62561119159756.375,129707420209.46313,4980977696646.145
5555,34375626488831.11,166431326178.7224,7729378989154.859
5556,45441139096077.24,149621744459.2527,6044984176546.451
5557,48327674594773.03,177862640980.9392,4041608885665.3447
5558,40244000406065.39,232357612020.8025,3222456288210.6763
5559,45322302367950.91,202330390418.76172,3395633898217.1743
5560,33297443150823.625,259787666005.33984,3363398767359.0317
5561,44126840914553.19,208361771755.94507,3423131309841.789
5562,52510729962089.945,137018201010.90967,5888434955129.097
5563,28124602876176.27,274102710588.42456,3668018709812.1934
5564,34398301657023.82,215441632865.32104,4395060801310.5747
5565,47396532936559.08,144164672247.937,5970450171458.917
5566,22539437564461.562,284806593274.78613,4727064830145.805
5567,39595382257345.95,223039059291.56567,3606713303271.2886
5568,33801495427691.773,229059163937.51172,3950410807341.6807
5569,52952292506664.73,271075574687.7422,2368905933545.2207
5570,34227060507360.625,179811976176.94507,6178853798945.014
5571,54155113023588.2,174613322229.2976,3486697966569.0693
5572,26354923564503.145,290170076423.33203,3618246036765.6753
5573,32536607269376.973,222829738252.7124,4943447705675.877
5574,37251698092845.16,194661243908.78833,5061457539185.615
5575,54208098702592.23,180571536035.7234,3159413940759.242
5576,28271190338702.22,227971683763.02368,5658242797107.775
5577,41056902946640.94,168706609012.84766,5638330512844.724
5578,54195247977371.33,148949920653.80737,4454752978487.32
5579,40015632859507.734,161436286641.91772,6581461583295.11
5580,20926947142350.766,283416872139.5547,5415134393422.699
5581,37093190076644.83,256375423172.32764,2952775050771.208
5582,27440950551270.695,229610114692.8894,5841910869136.47
5583,43156904160034.21,151245636964.55884,6452280860317.95
5584,39988412295715.375,235828244749.93677,3066633636448.207
5585,41027640863392.76,251411888735.96558,2806088347819.578
5586,44987154834443.0,169383870947.9099,4683440456614.066
5587,41582289075001.39,218908777933.3247,3546978296754.656
5588,53500741024885.516,143946405912.43213,5308056178377.635
5589,30555297221377.9,185290488047.64502,7576180792005.939
5590,57031742880615.875,192756872695.44165,2904815112313.6616
5591,39573967030668.4,252744982876.54224,2796081563008.9785
5592,38458062951033.125,193362940105.43457,4927877987081.416
5593,60193447546957.25,151628093583.48022,3759690945650.687
5594,46222401830615.875,189174964709.896,3856136372753.9043
5595,29918015340293.445,243086883931.5127,4619590345019.87
5596,31648849524895.574,300460294435.05835,2859810784247.4053
5597,65029653107246.79,129891815529.26929,4749519267373.343
5598,31829723621993.133,208249544276.32593,5748453577930.637
5599,32652066977880.605,224175477415.09644,4916357508840.831
5600,34616923620885.5,312712525810.0454,2677343719094.2783
5601,44371328408234.06,166739002394.13428,4907867636346.893
5602,46745164811091.82,173122387792.35303,4217965685427.344
5603,54536954273063.71,150228791487.22778,4331870849738.014
5604,35573312773047.0,214050309083.54907,4349368458271.5117
5605,53784240930336.914,144816566945.84424,4615976685020.481
5606,29307735058580.293,244115028829.89966,4363532770258.3267
5607,40174123738704.89,226355345541.54224,3268698669981.5786
5608,54836124923781.39,185987912450.50708,3066157883663.3296
5609,54145050976195.98,156373990572.0083,4142444007465.4194
5610,40203227278123.17,206132765947.2688,4063165592351.1714
5611,65209979730147.195,180739301255.0642,2732575290632.2676
5612,24721900666913.453,250234485073.46533,5460419408206.405
5613,38383977238921.29,185278939343.99756,5253674333328.389
5614,54390816171981.59,163008338602.011,3871566752843.611
5615,30368253794830.973,252974780687.63843,3761169899714.541
5616,28463969551037.707,248720843813.00952,4681054352354.116
5617,65459091726289.88,123728565245.59204,5202699989927.216
5618,32742421410102.484,262472758369.7002,3392877994273.6646
5619,39099427643472.836,176700703953.79834,5490577726766.796
5620,29854418354189.836,219787297806.9065,5748311625510.805
5621,56961281906080.2,134372335926.2815,4928408756732.56
5622,26617374534195.426,257431318274.37622,4773216515024.126
5623,28930494304335.418,244938033211.8025,4628835769898.992
5624,26160531768668.16,238005001791.54785,5507197116286.814
5625,44225700043926.125,182176227072.67358,4319481635149.8843
5626,33583580882650.594,232452644645.59204,3865444047758.8213
5627,30214090974073.188,267080854897.6372,3595221955999.6196
5628,45363027520729.61,164207284985.156,4882111637171.293
5629,41727418402908.87,184711881260.6377,4590801756263.347
5630,29684810303441.098,252489590041.06396,3884885607572.5957
5631,62710430062436.555,131970479242.0105,4089636659192.608
5632,28122669769725.98,216724940410.29858,6124948818227.155
5633,33986368565214.22,315070595409.426,2735535602096.316
5634,46216259025099.94,294957013784.1897,2339091577216.0474
5635,48191010628318.21,172181603029.198,4204571607721.082
5636,24650229665275.215,250399305324.04883,5511273442674.326
5637,21643711038640.066,343910033278.32983,4316050680859.8667
5638,56561033579475.93,175349394255.75708,3060503509060.749
5639,44813132401388.945,292615053563.2385,2424669171589.7715
5640,30146930273179.41,277672598473.7146,3441807987071.235
5641,65001024484426.64,152833377300.94824,3256964386226.211
5642,56073780774655.08,144338939781.33057,4455570991113.888
5643,59628488630716.22,147376403821.56665,3894178833326.4385
5644,43779056388457.36,189953145126.4939,4084324660897.771
5645,37729951678444.97,181035773216.67944,5721026434608.548
5646,38013952641373.516,185564821636.1189,5437431661824.974
5647,43741414621209.72,187007971181.35425,4310002139271.392
5648,31376028928546.5,232685030466.281,4842875232978.701
5649,51729562607733.98,196563438483.91333,3037688162809.3267
5650,44181282539607.836,233926104441.43628,2809902485511.2124
5651,46342332688337.37,226991512887.82544,2851125395476.9326
5652,27846815103048.04,212630696752.93408,6295307757877.819
5653,33054678385808.727,299998088197.40063,2816758539936.674
5654,50933545084839.125,167365180657.14624,4036982783690.1704
5655,30340267636391.42,227201525720.99146,5281210438517.469
5656,58213857728923.82,140242882398.48755,4414586445834.888
5657,45699342477267.68,165174058149.5476,4823411512567.013
5658,30073716887101.082,253732326155.00464,3834007655268.7617
5659,35551711418412.21,199824761823.46094,5259445368123.415
5660,41720304820591.16,209972975140.58472,3688282253047.5327
5661,35944991867820.34,198741216226.80957,5246329049452.29
5662,31745824226930.93,204586712613.97485,5972267043450.493
5663,55337406260726.195,160484769358.312,3969736042469.6753
5664,32287660649797.285,183982476533.96777,6977699333628.497
5665,48742473686310.734,200765000962.636,3212760862606.5425
5666,41205353385638.69,203764087146.08057,4035771185438.135
5667,22873212854148.4,243376815683.99927,6192188359167.952
5668,24371426930882.273,242209702893.5288,5684821967187.022
5669,34294110925965.91,313587814108.7395,2668595247016.3745
5670,52965080443489.48,214728220448.84082,2621118002910.7725
5671,49544566639505.125,147286397487.3689,4982975180147.304
5672,58439999506293.65,148592375815.3933,3993176283379.3057
5673,43529182205606.45,195005676458.39087,3949840947207.53
5674,34836030735985.645,271436921787.24976,2956073287719.164
5675,54928540900318.38,139440193155.65503,5334294296760.564
5676,49514968031486.35,179242220622.77637,3748593940871.634
5677,32411265418527.504,279778322780.7095,2950601549371.931
5678,27817929751363.39,209537647215.65796,6691774555320.759
5679,34991049060499.47,276520193923.8447,2941860016770.3003
5680,29095324555450.477,251428174697.46704,4375708797022.056
5681,27685383696981.26,211121488788.27173,6761298263717.995
5682,44137932701893.27,211738635322.38208,3338912966828.0024
5683,35416026524500.16,164877414389.48267,7397476781741.792
5684,26228034825719.746,300433465981.13794,3629757134866.761
5685,39109038782262.81,193612793139.59155,4581989886413.04
5686,52649147530898.82,143121752952.29224,5411207459803.349
5687,27258139742733.633,311188905099.322,3135171083264.9097
5688,49526541737584.0,206629082398.73218,2925931325267.8755
5689,34559093462238.96,220659019183.1172,4238792832852.932
5690,44065480829175.18,175812913568.15723,4608902529119.278
5691,21362138103237.883,289996762073.99536,4675945613994.628
5692,27098163624234.227,223774091794.93384,6034284159876.919
5693,24248758149362.344,281831512624.14136,4411719484640.347
5694,41548142898638.45,185277216302.37817,4509510539878.12
5695,53779902161396.375,143602426020.1787,5328185041866.0
5696,34371331050224.734,216979758908.17456,4680176923260.538
5697,53558833127325.81,230580165089.29272,2355120911158.113
5698,37715368868347.984,155804877047.97363,8197156430374.164
5699,30687379648006.3,226321971269.96973,5294849637360.778
5700,41714938283540.766,163832429583.64575,6134771220583.485
5701,47899972945734.88,223276828240.20288,2757817037092.378
5702,21845328539764.53,326201497369.7439,4355708272284.363
5703,44240355252126.6,208197884695.94507,3449351906061.515
5704,34478613897899.473,165671851774.51294,7408376556879.563
5705,31980967002520.89,218131701852.18506,5148304059659.963
5706,43982779725128.39,170054841561.41357,5074847879030.77
5707,28045630778933.324,231181326529.8806,5669031589876.703
5708,25287435067307.996,245489203006.94604,5505945276014.409
5709,34042832856442.992,221735620050.62866,4261886906116.9688
5710,31175401810788.008,240499663404.1848,4434045887544.285
5711,73075436151985.75,117358400527.29248,4681826511382.772
5712,43653515676582.0,199814379555.97046,3785710094929.0933
5713,31658314144844.87,208468120010.5542,5764011364370.01
5714,41628507033697.805,293484451673.6179,2500158518568.5156
5715,30760816987006.742,190471072460.62036,6979483746664.629
5716,31390485142591.24,213716789632.67212,5529188977236.362
5717,48558839865193.664,204862932315.31177,3113348412835.695
5718,33424808085356.66,275535476152.44556,3094798060352.5312
5719,28980385400924.07,197985073732.08545,7067244300553.861
5720,41543978394447.27,235917867542.16235,2892712617283.3447
5721,44618278699001.21,152727982377.17798,6021315991550.678
5722,35542887149596.67,208649314327.03247,4861003212684.037
5723,48569367495112.79,183384464084.42065,3720265948612.9233
5724,41139847319180.66,172613044659.95923,5387787328322.304
5725,37706438075545.984,161407315110.49487,7122072356494.119
5726,30711632467400.2,198192707774.45703,6444104035855.517
5727,36972572859009.914,254255170880.0476,3039682547865.9365
5728,25600959857488.57,273038988648.06714,4177957385473.9688
5729,46431926781188.336,224270147091.00513,2913047747229.4956
5730,57606615507509.2,190547597005.1328,2876540352664.4917
5731,31407775513089.33,194269691634.313,6395421697358.988
5732,25614024788189.785,241830352534.57568,5586748403394.881
5733,27967406482060.95,246683807906.66528,4824097170244.779
5734,46652239838574.43,211630324269.04468,3060556095292.7725
5735,49932204090047.16,175777249747.88672,3818339371168.398
5736,44963998694366.586,154192360482.1228,5532920302194.37
5737,33258757035196.06,188751056480.6819,6395665706306.816
5738,30387296828632.35,230560641247.3745,5141105785690.011
5739,26707507351307.387,216898604123.69727,6644670140238.891
5740,71343755252844.03,121757597308.92993,4673072981961.708
5741,42217830448823.31,163576755330.365,5730454839856.278
5742,21537219748253.63,344659381649.60156,4317546295397.012
5743,42299180506543.16,226057425285.95142,3070689700774.073
5744,22763720675268.6,275695690708.4741,5319035896517.723
5745,43996772539125.15,192864179831.75244,3928278057840.2427
5746,22793628195638.5,241019571487.58374,6308386412162.011
5747,58956753959525.445,203555898379.63843,2542128310881.7007
5748,43637682756772.0,165949111181.84058,5432002662205.828
5749,56615945153953.49,212253707281.02075,2423409895242.304
5750,50617072393231.35,193408223885.58984,3264858937682.0693
5751,44550823353429.09,166774698577.61963,4893625034005.696
5752,22972716495979.42,291109164517.04395,4436192277030.603
5753,31182481445163.62,221567789689.4568,5271703166459.776
5754,40933378311920.53,169710450363.19116,5471662301169.135
5755,35750084077525.45,184756002564.09375,6112573418194.801
5756,34370838594329.996,290130856080.4436,2750118846026.446
5757,62098074178050.336,134742974807.10815,4821261025128.66
5758,48240774035106.74,168749846807.5962,4261014824954.5312
5759,40457470332487.33,169241355427.13452,5698648105852.208
5760,28210631118988.312,245005385349.89917,4961024111699.395
5761,49655376127050.16,176432635244.40674,3821536704517.213
5762,54471339274559.35,220223626149.09717,2467685204380.9272
5763,33029865813043.395,189491969023.73682,6392816362615.514
5764,71078469409674.9,117337579644.82544,4917795206037.791
5765,69245717365681.945,121143321679.89404,4904159193573.827
5766,34931418902626.04,270637202323.31763,2961635501879.378
5767,43640092032722.28,223135008836.9048,3072535758963.2812
5768,45057384324677.25,184591470696.25366,4104479721862.929
5769,61943950193710.8,128549287087.23657,5144890777785.678
5770,46080765997195.35,211299866223.2129,3156902168277.998
5771,27263516750209.793,221240766728.42236,6003203521386.0205
5772,35689535782086.47,198217014938.28638,5423947435867.307
5773,22909102468143.273,270570981182.2439,4999864420621.41
5774,30600722044724.8,192200947721.2063,6807576297298.093
5775,36873736949989.97,160592391379.36304,8168967333701.003
5776,47220388342887.97,166982615200.66235,4484705791871.63
5777,30174159466034.02,233138381830.0962,4962456873610.454
5778,64082190224763.195,146644800351.82642,3474457029138.255
5779,37330259966264.69,199904929516.10522,4709987449853.356
5780,26263691133488.457,256932393232.64746,4925710438599.412
5781,34165161113719.81,239362203963.23682,3786362541202.206
5782,28324969361920.203,201606822272.7334,7422175202806.788
5783,39917070832488.164,194977301951.0205,4376937363555.5293
5784,46671511897345.22,204712704059.43286,3208685774423.741
5785,25374203085488.93,241356890623.614,5638339024032.964
5786,26107315402016.973,270192192844.52856,4459275647554.167
5787,45529632487794.42,236336767009.95703,2723741585363.788
5788,47577195356930.9,186854831628.44604,3705991465695.6685
5789,36670176286307.875,210829022573.6311,4313746026715.01
5790,37849957978548.13,192750708583.23853,5113615193322.475
5791,31315500823973.156,174603919974.0056,7190868991420.097
5792,42435981972581.22,202293449109.47583,3864766225873.8423
5793,37780311176448.69,169809776107.07935,6479867780232.308
5794,26564295233597.867,246383243208.4292,5208484282424.782
5795,35760683244568.55,221840063025.08423,4086515899031.0024
5796,43721015792535.19,146888315407.80444,6670397227519.8
5797,43111815292324.94,217158579681.87964,3363477222399.404
5798,54360029141909.48,163363531743.54126,3993668213545.8315
5799,29277522302877.23,210932860670.84155,6191916401206.806
5800,43309090719794.5,164827136294.19678,5472894959684.393
5801,34784684194446.395,193202829170.16284,5829723439900.091
5802,50545462207959.34,143332765932.90723,5826395199622.306
5803,52010054047206.98,168402575656.0061,3832946791667.9097
5804,32376898478521.984,323506507267.12256,2683905322589.01
5805,51093212050557.18,187942791135.1477,3371571106560.925
5806,52308142713864.625,133703545646.87451,5950448108966.654
5807,25350436930096.75,246032262686.10693,5435841956711.01
5808,39309483817169.67,259725732879.4641,2662465928904.707
5809,32777715440047.99,181334953906.292,7145155457801.617
5810,31877987506248.984,208914188658.60352,5705275310857.177
5811,55169374767994.78,150068120965.52368,4338692156872.067
5812,25737177691425.26,289138197283.1245,3757812751148.4614
5813,33516625242159.16,187887126953.9021,6069784512200.103
5814,56649807569696.23,152141487468.07056,3977133470841.251
5815,57479113545933.18,116465368858.03442,7159339970947.341
5816,33846348383511.973,213787386193.45605,4965519247424.898
5817,39419262468297.95,213107234426.9131,3883769652219.566
5818,51478658915907.945,163010586057.48315,4255907733762.2563
5819,45451890176878.695,139755363977.78345,6754327211433.6045
5820,26960309227275.445,210598079279.40308,6947145979568.576
5821,66914814677641.09,115530398455.97461,6249128476877.479
5822,48565724149125.625,234190803004.45337,2460183930404.81
5823,51408112129141.33,137046940088.30933,5970326285779.203
5824,42339781983324.75,202688218045.67993,3801965914612.119
5825,42059435175722.01,205590432889.38037,3685618099567.298
5826,51871065317049.08,205383935986.4602,2918792796181.6113
5827,46757840005221.69,148525888746.8247,5891313395032.097
5828,41576478357700.05,197671911151.1228,4068034770535.798
5829,24117537372759.332,279564481705.58203,4603598970650.302
5830,48672440793606.2,230203571425.4912,2484337207251.9053
5831,50869581102888.34,191603426317.01343,3282787575784.801
5832,41825201984450.38,226626505198.5244,3171452151420.5483
5833,40501472651091.27,180323192049.35718,5016552314359.825
5834,45609704532873.67,264045401828.93286,2415054952262.911
5835,22149865248914.355,274947285797.198,5505608760396.907
5836,37876424802708.26,178613033627.46582,5711345087973.143
5837,54046307036984.31,157237637842.6433,4180024327840.9414
5838,22189966130489.28,287724264023.3252,4720429228419.057
5839,61795807300685.87,138651863802.17456,4057288663000.9854
5840,39035102165836.266,260216873726.2422,2643572508769.6836
5841,46928039442194.086,181970138009.35815,4052329682749.009
5842,45268028682147.63,146370251709.24536,6226598607282.997
5843,29489234385430.473,228074799077.22095,5523609175957.254
5844,29975730630214.973,187371778122.18726,8348651819298.7
5845,57025430535580.26,150746529534.9441,4090606857060.197
5846,35341327706106.29,193785660477.2771,5823161764699.881
5847,46004314467462.055,243211536321.91724,2510259042339.959
5848,52966076200081.66,158283554859.58154,4271570159311.7036
5849,29119424166824.082,198295819634.61304,7054533545029.875
5850,42266588248035.2,226674762991.5078,2983854057029.1416
5851,27991003633498.555,291038240580.00244,3446945929322.3306
5852,51127619989909.734,187869013094.13013,3275923503985.3755
5853,43278283710727.125,151775112384.95972,6359025695150.999
5854,44238992724158.125,151654887655.0537,6165600928272.894
5855,38449927488389.734,193820088888.21582,4767078687222.962
5856,25706614149105.688,265348756227.5078,4842369720239.613
5857,29724423611791.812,289479084658.9258,3204825213251.2812
5858,32913941566129.242,289873312404.45483,2844668892509.786
5859,43836969191826.98,245402272268.41724,2637281290940.69
5860,29293698182061.47,246566348944.76367,4577814521848.829
5861,43953958553868.1,202315855828.14575,3673426037737.851
5862,47095836162607.17,183090598912.0669,3985151450880.5874
5863,26285416204965.3,299610071639.8501,3583649530480.947
5864,30919700674272.11,228252542104.07617,5129835910871.341
5865,34914210162881.85,203748651987.96582,5221439642530.052
5866,36142350557024.32,244012611761.14648,3497615254938.5483
5867,55427291589569.66,153298631556.63892,4140003158401.1978
5868,40002072391938.87,182512467048.12524,5121781516390.241
5869,24973095717516.03,254920275739.07715,5348485458381.595
5870,37935640309361.99,252925718271.5232,2991564727252.5166
5871,37292657787746.85,173989161622.65283,6347206343855.95
5872,41725202041861.2,166121960279.34375,5739799999931.576
5873,38948295792199.99,174399379622.59302,5627129574696.665
5874,57682373665105.17,143067610133.70142,4340242430727.2983
5875,31733979368235.566,210824186964.8474,5531410010313.509
5876,63492156526174.01,144212394344.42358,3770618067522.639
5877,55597135007719.72,165726781064.8579,3633885933753.474
5878,26579979528307.227,252970454019.3916,5002906962802.479
5879,46733279518619.23,182594427310.88354,4104395300303.3926
5880,62941597400948.05,157506716739.44263,3257333896613.75
5881,36456186179731.195,196602143640.3015,5319728547688.703
5882,36166530480873.98,193755947755.9707,5436603247252.348
5883,39858617699750.95,197256606602.27197,4355052205434.5283
5884,26108914281716.73,267871268491.0266,4576020376221.523
5885,46838194546161.15,169190029216.77808,4407586278005.61
5886,41049198800668.14,205295229180.4082,3991286357152.53
5887,34515271428440.74,314854108365.58374,2646749324076.725
5888,30695492516675.758,301166887441.4287,2893654260885.1333
5889,35927554854152.7,188738102045.39673,5741008292304.39
5890,39852691816901.41,237456673214.30615,3028030069087.883
5891,57642569417531.15,142751588779.93335,4396152086610.1553
5892,34455405963262.01,247248053676.19336,3528204274320.0337
5893,47323899193844.32,160925559665.34497,4862908330863.552
5894,33952698590666.344,219791630110.84082,4448028607250.351
5895,49963963116502.04,217045355978.98218,2646668891187.838
5896,36290439237592.234,226642820987.4319,3695949154072.54
5897,48801319025240.516,203352988721.87305,3084263525758.327
5898,40826665504637.7,168900702407.08423,5712992496953.626
5899,46417167029585.71,145314603831.3877,5976218532420.807
5900,32812435993068.625,265784957233.95044,3232448378940.831
5901,29442419257884.613,230803665301.05054,5388608396561.499
5902,41338615365291.664,141292971601.76392,9630768001650.615
5903,26600303232755.72,221231188348.27124,6355124486948.808
5904,61684836416176.414,142492475656.3181,3951129938108.8174
5905,32991539016950.156,209433805795.09692,5400683539220.472
5906,39678708371275.46,171290209328.52832,5850509143541.482
5907,60532297788313.805,143046045323.13794,3991467785793.7744
5908,24968497318906.18,288821993473.9741,3867574939292.2036
5909,33179105337307.395,255748218069.6831,3560350431959.8687
5910,24977938622631.105,254548857824.1731,5364843859170.428
5911,46922514280316.35,161956079672.2744,4870209785394.772
5912,22727763592599.277,276725419696.605,5032216738916.93
5913,40993091401379.695,151818084116.71973,7188573879540.367
5914,39972811953486.64,188586354321.04077,4560668641900.324
5915,30403397670396.734,280138106222.3999,3322441876314.5283
5916,26928919484686.773,266593952326.30908,4157590125865.0806
5917,48826464244695.58,210040483703.99146,2955215973643.9595
5918,44129050720812.43,206886644036.64282,3457917121539.1543
5919,40243681787218.57,211626594718.65796,3907499877672.074
5920,40343985970486.375,153196320012.4187,7467658260551.678
5921,34103769637851.863,238984610467.6643,3789937965452.457
5922,34119527468545.02,213551296631.88403,4914791704067.209
5923,20873874348923.723,292760989160.5398,4755210374674.533
5924,42101051166290.66,291227630527.094,2476789469531.194
5925,27579953201258.633,249687043136.8589,4741006188195.619
5926,27317097120268.35,207640690695.20142,7235475265392.372
5927,30252008240535.113,232470708993.42456,4980833138267.041
5928,35425279937360.05,223633230503.88867,4097399226588.8486
5929,41555440110610.67,146424571460.96387,7340277361939.1045
5930,31157898136153.453,246349681030.76074,4049968186105.693
5931,24451188185468.266,241109325039.23853,5828979261916.085
5932,38139465771875.84,154372191986.59058,8455775549803.845
5933,25996216618572.062,285512497971.08887,3863149031880.9316
5934,33625734566311.12,215829661145.85425,4943546587671.32
5935,22122414511328.055,280689249697.5513,4984152561456.744
5936,54156496027596.36,174503807177.4397,3490641446120.9697
5937,37441396760498.13,245836625051.4807,3226001959779.3315
5938,36338874768980.93,323416592574.40967,2418849184776.452
5939,27686006769989.832,209978941985.80078,6762594169904.311
5940,42371079786886.47,202365251778.93677,3801966215222.9136
5941,23697913092350.848,277647373530.29517,4708170331317.709
5942,51350246327243.69,275500332460.72,2390697121464.814
5943,45412614996805.82,200948232487.38745,3401600110086.745
5944,64234005532038.336,128160159476.10913,4870088734458.489
5945,32269629207462.08,213216223526.64062,5266791320528.664
5946,63383530596234.61,129728180210.47583,4833991453663.806
5947,66702067403601.93,123550781900.68652,5066674424328.043
5948,26979192116124.047,218608881976.70825,6530368567773.737
5949,61409882380006.98,141993681514.57886,3977931161051.517
5950,46170670125549.664,224542750070.52124,2933579739185.8384
5951,45288152734344.81,230189615765.281,2906362068366.738
5952,32669669085621.594,188535939044.562,6564742511414.205
5953,27511562706595.453,239902455312.57983,5294490736522.888
5954,46481739399225.62,195217634128.35425,3594776476259.411
5955,59345486410460.81,152263263725.59058,3745546467991.4575
5956,58824111061767.54,159072944103.54565,3644529163314.9307
5957,47302784851883.125,159750456978.53003,4891783493533.306
5958,62326865595186.75,138370056637.3589,4038283484728.5015
5959,28274550307718.965,189990624718.78296,8564688600453.521
5960,39716393816121.09,211699336564.84302,3973594998376.137
5961,31434672141678.63,216303633122.35864,5408109848746.959
5962,57178664547295.07,176920663724.77002,2955557453437.716
5963,24532994388849.57,238494949647.38257,6042631052824.19
5964,30557199517798.633,197933937185.66382,6461345238774.856
5965,51993765343740.83,152371041199.5547,4718226315772.888
5966,35645095533874.89,240905342264.36646,3551492635382.1816
5967,33908762321124.117,216724891798.2881,4927609045510.158
5968,42280053015324.25,199769918830.59375,3944966772259.5903
5969,41250506429653.945,211044910571.92285,3757583876824.898
5970,47948757239400.42,175436662435.36597,4104881082246.2144
5971,56715669845512.836,160441762575.10132,3817200071947.145
5972,60374982115830.16,153319443102.45776,3667977357363.865
5973,52309931575031.086,139276891836.25464,5837331765276.185
5974,54565397274485.07,155683670386.70093,4142509390636.222
5975,24800073462848.71,246933218058.98486,5576320928548.739
5976,39126391121797.51,171847871762.73633,6128511529532.168
5977,36038983582721.695,197739585497.32202,5276198570246.717
5978,41522443143805.21,171663368542.26147,5398483360118.742
5979,43350651786476.94,170592660408.74048,5117379560752.257
5980,44090639243324.13,190177414824.24634,4013240170326.5195
5981,28243251646406.676,285249421662.364,3372251982161.0444
5982,50390376951953.164,216155446887.281,2753566204713.823
5983,22278626074211.684,279723138793.9353,4981052874604.382
5984,50478366342515.16,188506213059.2849,3402661970919.663
5985,25085187889430.625,272298048604.97852,4724650193285.13
5986,48866740252769.53,210157391337.08276,2921118695349.0107
5987,45191327785169.805,156574478667.70264,5318446513079.986
5988,37721792732713.65,247923029726.49536,3124076697802.482
5989,41722251031300.47,162179500208.16187,6166888135538.032
5990,33561905214838.62,192029637119.43604,6015320891459.282
5991,41249251215503.35,304450842029.1238,2422854180114.221
5992,30469266634272.527,199644816692.50952,6254606547857.849
5993,40632517187035.24,179755018791.68433,5154543033881.899
5994,27331981683926.703,239637583310.85864,5355394928942.813
5995,31110593538603.992,237932933816.72778,4595714652663.067
5996,54351890475149.625,175762919133.7395,3450658171358.6323
5997,50856445168219.875,163850781669.8274,4426638277476.598
5998,33279302718944.38,212086399267.6316,5234630131884.403
5999,48144146892162.07,178183982181.96484,3979107820191.857
6000,32898264934097.805,212482807658.3894,5350741147738.923
6001,31256419468529.61,210403158923.25928,5756023721648.969
6002,45398810255786.3,239646271688.28003,2661257580184.2056
6003,58203312226424.08,167494316563.64062,3198866565884.0225
6004,47552535701203.734,145542024857.92578,5914438610295.398
6005,27614956198137.133,233490093117.18848,5473747010901.397
6006,61713316276712.08,160497236460.35815,3345644659731.986
6007,28559363452941.176,208619110049.71606,6298130341635.186
6008,35024153635006.918,213441527711.45874,4550877756810.562
6009,35846817986995.664,222392797513.13013,4066777462189.9717
6010,50952866662204.23,190280047549.70337,3249900566120.8325
6011,53598853191425.45,153424246211.47046,4372318349184.6123
6012,26536931824091.54,227414545644.93018,5994280952949.575
6013,31699135926142.7,211728240748.14087,5484039217279.999
6014,43507722496913.54,210846526529.9768,3350703815901.289
6015,58368241358286.25,126103478867.16748,6073253898144.053
6016,37805481072292.69,203891824077.28882,4569117232787.877
6017,54986482912154.305,147471315299.97827,4482169288052.945
6018,38595761816339.28,191172855713.38135,5090136339823.624
6019,34366424068146.555,219687920520.08472,4241856206721.329
6020,30732847562669.992,240658222673.58984,4517439614183.074
6021,43820982410279.03,195323808332.16626,3944630749941.261
6022,40468102756629.96,149839846580.60693,7279389971723.255
6023,48042324465598.12,205968890265.4961,3080715569816.043
6024,25776533600910.05,238229478564.81665,5735450301856.391
6025,37165120469003.805,290568248629.7622,2586841891444.9707
6026,36574576804280.03,247949710114.88135,3061638485092.8086
6027,47214940793245.734,302915218763.6575,2313819909167.8594
6028,43543336270367.55,166802205400.1421,5425685578000.361
6029,43372895113149.445,160293015604.53442,5568456951936.056
6030,50305641152232.336,177894372270.16528,3720657018642.421
6031,43510807474709.6,190586096858.0691,4089846958230.7925
6032,28680645293907.965,300699261920.3755,3166392765012.2397
6033,45581805614531.56,200352951768.9441,3428441425430.1025
6034,53025414512784.125,176932505798.4629,3448377016328.1333
6035,37760063311897.94,236919257768.89062,3357179033720.679
6036,44090396774995.33,167057673171.52393,5294197467464.693
6037,24827791718863.51,291878034974.61914,3767855664343.257
6038,36779826651900.59,242866618588.79126,3394669389833.3916
6039,27777767920741.99,236872533758.91724,5347019338738.162
6040,38577653287952.05,231898759535.27808,3410840697163.7617
6041,37791613175850.05,214837246954.2058,4064959828357.419
6042,55079234476304.6,127036744956.25757,6567923379194.405
6043,27765509856415.87,248024641016.68823,4810085710916.835
6044,45383638031919.34,147727422279.8789,6189500428307.597
6045,26076659665788.742,283651143714.6194,3758769227331.895
6046,36391459078794.97,205181278092.58716,4811313819941.777
6047,28487473946280.58,240262618240.12817,5117956120562.736
6048,53685924829525.16,184670601581.4358,3124994114489.411
6049,43844196248796.85,186287723810.0996,4346694963018.4717
6050,56159465372206.98,153124446186.39966,3959942011943.395
6051,36239655250618.35,334434683540.88916,2487095214469.6924
6052,41692200870380.0,222936707047.23022,3382895516848.0635
6053,42983135601494.445,197596229779.63892,3860185494633.1084
6054,37442016149226.29,218554958976.1775,3990581552999.348
6055,56078758535112.03,149720288189.91138,4192090630809.384
6056,57404617559246.12,154651585437.4839,3914780990001.6187
6057,51349460221841.92,163418694296.79053,4260558271091.812
6058,38456052170565.49,272947752133.16382,2603610061818.295
6059,44807259632960.55,173269867063.46167,4673551162581.042
6060,28372883454644.133,193087751221.3811,7946158716637.245
6061,23768578416766.734,285954845360.43677,4242441193836.33
6062,31664063461347.4,215191421721.12793,5450020864981.234
6063,28923614973735.793,238951540759.97705,5107283655632.541
6064,62820077907833.234,136575741663.63696,3930983376138.167
6065,25269765672179.016,312771251834.9558,3370655179127.196
6066,25117292908523.1,255001487113.636,5309828838235.675
6067,24736077499209.945,249708011604.25928,5519270984631.053
6068,44263873191356.95,175211966958.92578,4607731980363.272
6069,65797160136689.69,158369182987.04956,3092507877096.405
6070,22335466592507.9,287490055075.50757,4657133946288.992
6071,55721257377706.2,164074152384.35254,3647042736451.544
6072,25415023001136.508,222039221869.62402,6903152323345.494
6073,47338627217756.73,140005393856.0144,6334437356357.155
6074,34198279795292.402,201822678501.05347,5303223923659.313
6075,34308050099119.164,200783948292.56372,5331364304472.0205
6076,53823704507340.234,150828911476.50513,4457755717793.938
6077,47842664795517.89,207569791980.95117,3096431419346.195
6078,21503788591025.656,265813088062.59912,5662524945028.336
6079,40789424011410.125,142900310854.42407,8011493468583.893
6080,42884172982666.0,199996371532.53613,3937565848747.5596
6081,27206206335048.695,289734979992.1594,3489227796824.037
6082,32678640808719.9,243936824267.67432,3829407338209.035
6083,56923863204240.164,135069817636.16187,5209636496674.675
6084,39471177599556.39,211529708137.4807,4067027810982.531
6085,55956622696366.055,122683584364.0979,6632957473479.909
6086,43819308506482.41,154005585099.5769,6163377132375.334
6087,36154944301162.61,229293384460.3086,3698090812589.451
6088,40336596678150.66,218095659724.88452,3662491699549.025
6089,37774733659964.25,193420505821.43384,5178232064545.023
6090,72571807192846.67,122972497078.104,4475633403443.279
6091,37806789480085.7,252343111797.9685,3005534176119.3247
6092,46619796693322.195,227335368323.8396,2763053183335.152
6093,41425283786021.93,188750244904.61255,4482550644079.204
6094,27732749623195.633,241965305971.12842,5170533974842.442
6095,45551602986306.58,174355882187.6797,4364305209448.1167
6096,68120156983551.31,158128900781.03296,2903026376207.272
6097,45142678637372.71,194421752737.3789,3645095487046.655
6098,28612146600172.36,187551423280.1277,8699532942338.614
6099,55243720256325.87,149779756931.47485,4336002661091.7607
6100,25314846466916.88,312620450166.5171,3400479886242.996
6101,49751819745330.01,202618521263.51733,2958793784053.95
6102,32749929373344.758,257726535600.07397,3412494273451.3887
6103,45362645871783.02,180434274900.75903,4225253976253.972
6104,50046805777016.92,174795733464.92065,3823776735462.4507
6105,48090080561221.61,202042182053.70117,3179508239224.0225
6106,37678979033989.984,169933748032.67456,6479200470415.1455
6107,57233769634667.71,159260729048.886,3742210874984.2524
6108,26925694658502.133,217936659207.8567,6531142347981.953
6109,37323528218544.81,244642123553.9485,3242695839826.8667
6110,29714310555138.16,188389356458.88818,8339371286627.911
6111,31147444520566.023,218847033367.0337,5372416619223.757
6112,54094692597994.625,174871145384.7102,3558852305591.6006
6113,39794461949817.33,248627399096.36084,2956392632473.5073
6114,34268287782446.645,298246262425.53,2727311285236.731
6115,35843461786102.27,200265607280.8423,5229685734011.083
6116,25694149931826.535,290560153479.1179,3662092294215.8726
6117,26643343775555.67,232090492483.81494,5885167812643.341
6118,30404369934579.043,230557630451.57227,5084525022119.241
6119,28818004275422.973,256024501620.92407,3950367393735.077
6120,29202940539680.11,203498808648.6853,6351006353098.953
6121,26563171764154.0,256007478585.76074,4950358556732.33
6122,44541724613173.59,150039676242.1145,6254213756930.789
6123,46176469150155.62,145912597940.5835,6099812188345.065
6124,35187163122917.35,214640884468.5437,4433803373108.763
6125,28750505171957.17,223559768254.93042,5701547984874.072
6126,45145556532947.87,149313018413.344,6114674822655.128
6127,33524810955278.445,222646732051.84058,4322524836556.9814
6128,39251096232348.766,155131744031.1018,7419032759901.068
6129,46205890638127.375,149095390217.20923,5942554860466.89
6130,41526865395953.52,149004085070.4358,6922401859870.0205
6131,26060242083169.305,268119192711.76074,4628213899985.193
6132,57600281767904.0,153067640649.67017,3927837440363.3857
6133,23186850635715.75,246202627510.64258,6010014169457.724
6134,27038083543757.48,314412728385.3347,3097631848949.871
6135,46425612301726.55,144584970299.02075,5998811419213.802
6136,38901447891631.945,202855482388.49683,4320653499918.4478
6137,30841118739738.61,216338370770.76978,5552075492908.472
6138,29361788242359.438,190124376557.06714,8464739738041.658
6139,35924666563203.95,219188390646.0681,4128776130974.1616
6140,55489765512709.7,217303237009.69067,2469525374982.5146
6141,47249870062608.55,247886312732.62183,2408343153705.196
6142,46695576137261.52,191356233614.98608,3774703245009.2144
6143,45729054612045.79,212504414678.17505,3235666081041.5347
6144,46480637749347.914,228985486765.68823,2727938737182.1665
6145,58155860359505.41,140671965324.7234,4391393268890.863
6146,26371826577813.297,254295207583.0144,5099071879706.77
6147,71249536101714.58,120059056469.45874,4904641805139.081
6148,29994439201312.99,206934367059.79175,6006857342679.83
6149,42925815388706.555,151672646115.1814,6829801081388.618
6150,23978206801800.01,249695182300.34473,5604228230425.653
6151,57903033254852.75,161097610812.77197,3642147265117.383
6152,36039595979848.8,225144302730.43335,4011809085802.548
6153,47259556969782.17,151883727957.60376,5150234710901.187
6154,39334900628093.086,228113851342.6731,3474006995086.2017
6155,46531365511759.914,203146325938.52344,3223722031803.2227
6156,64580661809677.08,124463196314.31909,5292851448343.866
6157,31666911836967.65,201104086167.38843,5988351628175.414
6158,45391997925489.02,147005165072.09033,6211864909389.024
6159,42072510459732.53,140994745824.86377,7407074452568.05
6160,35952828102719.875,198261511312.9939,5275932051910.829
6161,43353222583229.17,212981531520.03735,3449621746932.4263
6162,70612503659382.95,124593633440.50049,4617638568773.553
6163,43818954470165.805,253229742487.39722,2485407491702.9556
6164,25488533298093.613,238947651342.48608,5787152442616.283
6165,35074088814798.145,231056235661.27002,3751625474605.9043
6166,33476134215324.387,244903133903.81128,3711290062872.6104
6167,31855446123007.16,206002096582.9851,5797562000128.832
6168,28701095730363.67,179208438755.9453,8924117449840.645
6169,30566591117329.418,280073766363.22876,3257583143275.4746
6170,44011870018823.086,249880890948.62817,2554823253314.4487
6171,50378737964682.0,180909337342.52612,3683897230385.4297
6172,25575275899884.406,228255622700.47046,6568176140069.782
6173,24904019582756.773,332740710432.21606,3118337823701.2163
6174,36314087912785.516,217538151254.14233,4137020705427.075
6175,22588683871606.03,275057755744.8259,5360034508699.754
6176,58146032481816.78,141410851140.54468,4362749501151.7573
6177,39768951750353.14,176752935774.7661,5433578121523.477
6178,29715620100957.062,238545593981.40942,4881550871391.752
6179,25585849876905.25,219845457780.6482,7113207475290.924
6180,45304197391415.53,173221612477.70874,4431376992855.565
6181,46908078753684.914,151165274635.20337,5429988872624.065
6182,62315695830089.08,135436393928.13647,4808140020718.293
6183,40170553135924.375,179000170819.62793,5162352257481.718
6184,51490550620592.586,136307789602.86646,6035956875579.264
6185,31953742238791.277,197857708500.7434,6117201809442.988
6186,53829657865089.01,171823505105.49585,3671960508254.2056
6187,38077013928032.234,193945560545.37012,4758803052491.054
6188,30386272716040.29,191499615486.3191,6969851193249.387
6189,51265361248240.125,190250484118.312,3168153156167.199
6190,41939081132531.34,165450325603.00122,5574292148615.978
6191,32192050662463.93,298245450103.9712,2868655838989.217
6192,40099721500949.66,189394431790.30054,4520731731072.15
6193,22462730729051.188,264912749980.89282,5458967791420.45
6194,42967427871699.016,206691953429.51978,3522431784156.064
6195,28629764263101.41,282405614767.0017,3570416294996.617
6196,63123443344100.555,147491398577.82056,3527255848259.217
6197,56156554840753.02,223432922247.8894,2345751898175.1255
6198,51894480554199.18,182989698569.02173,3442045659598.3604
6199,33493295581457.543,175487438805.41797,6867163603890.751
6200,46758858280374.73,131529700102.0044,8352769771573.817
6201,25861697222405.477,239509964515.06763,5467383473736.821
6202,39314007697731.61,210910305930.5027,4083040470217.777
6203,46178699882798.95,153291868792.15112,5369931727850.636
6204,37489719622022.06,210913256282.16455,4083388090082.114
6205,47455757677904.33,182765231052.29077,3990547054003.592
6206,30104979377018.57,270883714908.0813,3594140263456.348
6207,37340876105759.64,216194599372.39624,4067057910011.92
6208,28994985123880.5,182766090082.80737,8840089128392.934
6209,24624870910189.16,278956848855.05396,4369225534204.8486
6210,40381860543706.945,167612888570.84058,6044648116118.392
6211,72391316125672.3,118932808872.67139,4748635324540.301
6212,41084314436106.266,177809394049.4629,5005025850977.587
6213,30878200059356.02,251866086109.6101,3883609563422.944
6214,32608865863242.17,248117155775.63013,3793518900445.5923
6215,45023822961973.34,207355279793.68896,3377444572389.5386
6216,34728499292608.836,188954526281.6482,5944298952575.415
6217,25800215248764.875,249342311327.94507,5206134004992.355
6218,54389077132521.79,154994363061.53223,4271642518159.018
6219,43134547961910.75,154182918635.1184,6323548346789.638
6220,41404490327618.22,201571465298.34888,3999289483129.134
6221,46257782996723.79,149358313711.87085,5877705896901.596
6222,43682468411659.97,196818327436.99048,3834283633821.7793
6223,37039246334316.87,234936044272.98462,3511849900766.0244
6224,48902673167474.94,204450825130.53076,3069910126784.809
6225,57446838102566.29,206194727054.47485,2588246744579.8267
6226,25932454280092.836,260290540537.58154,4959634773465.391
6227,39626200541026.82,237205386171.7317,3207114823336.9824
6228,27137377009469.008,270748672567.79028,3948833459247.17
6229,34423116522443.59,254131026288.91138,3385342643056.614
6230,46865097720498.05,202794827129.5022,3147968853003.179
6231,56236161858077.08,134574917992.30981,5383153981302.919
6232,55571830779634.15,175526929531.55737,3144716691654.478
6233,34532189467385.13,177530079790.38013,6218910133580.272
6234,27503627856780.562,218022848675.39844,6209088325202.195
6235,31673276887766.4,234749293597.4397,4613649466323.2705
6236,44622227565766.7,233116477602.62134,2910751507600.0894
6237,30737571534366.78,225299483487.23242,5347409508667.333
6238,32888933340214.9,183267442886.8352,6895788631336.671
6239,28000960189039.11,228189829800.03394,5738190059949.997
6240,33184122463979.24,189154555348.38257,6347340955624.906
6241,62932378289984.945,158529834538.0808,3271554933550.582
6242,33290913422252.305,253928043773.6526,3543792517409.046
6243,25333763109490.473,259149616227.3462,5093007683716.448
6244,37299606436917.586,207896109733.04785,4222973008596.91
6245,24531475321668.656,314242207460.0635,3536354710091.4854
6246,44640405303529.945,185621055694.01245,4214241488336.757
6247,55932610640564.12,153614604753.74902,4062892848397.9136
6248,56251278347858.0,146970315938.88794,4288480649056.4634
6249,46041208007617.21,154315631954.15332,5429745581617.668
6250,29645909628124.188,254182777639.1162,3828342605710.1987
6251,33060054133174.176,222346240762.44678,4926022171143.055
6252,47595257985058.21,208223564185.88354,3129899220278.3105
6253,49570874265330.23,199745251237.59814,3068827126241.7197
6254,47045204363487.164,181858913836.0891,4036786358989.898
6255,60969953102474.27,144115120388.4253,3923884042819.0234
6256,23234082518325.33,251813845443.19946,5641139156584.309
6257,42340189392390.44,148652168825.75293,6918779250384.205
6258,40307629917848.72,172284002161.219,5462552376039.072
6259,26816789327468.75,223717485948.17505,6045415097448.365
6260,44656869703024.73,242162876988.87402,2704958220551.977
6261,48360772201774.96,219710109226.9807,2789712010854.8804
6262,53843471221864.516,149851323054.74048,4547012153502.619
6263,40629021347622.8,204579335582.7749,4036946569053.8447
6264,23052164390177.797,270355221991.79834,4987011725193.676
6265,21957573848636.4,276480081942.4436,5448973479407.463
6266,54258966353889.83,170291899297.7837,3683617523116.6055
6267,34958619620134.39,209818285133.02637,4819388826433.992
6268,70871985413814.36,122853069851.05591,4694162890091.246
6269,60384128184173.64,144217451665.9297,3980484552785.2246
6270,32053581032566.215,198486999979.21167,6048530950281.444
6271,53227250411757.74,140600166525.52637,5549527737990.659
6272,39704943181234.61,208227677295.80518,4076860553319.484
6273,57492802243971.63,165796929043.71143,3470419710200.5845
6274,24640837269134.75,269287289182.7339,4866769139598.66
6275,44171877993724.586,192656033477.63843,3924526174095.2275
6276,43215437239525.59,156388524133.11353,6243946096677.267
6277,41056117586290.81,203974176893.9956,4006706024381.4673
6278,25071395191783.62,287566255065.1299,3949636827338.562
6279,23485570453374.062,284770663318.9956,4366128133969.6245
6280,42715677920961.18,182587745914.9463,4562930581154.6
6281,38476854213669.13,297732988188.303,2490651949320.217
6282,45044969372302.805,186700456274.66235,4038935387410.494
6283,34084126306909.777,175993051306.5254,6279722413612.636
6284,27259771801809.266,263081472014.5454,4580773159476.369
6285,33541741372369.965,224423111444.46362,4214510357594.466
6286,45254067025006.43,201043559525.45264,3446126606782.903
6287,42422527420010.2,171057070207.7439,4826306033090.43
6288,38809037662928.77,193472495478.21265,4590850132928.577
6289,46807244660214.234,184002677255.4568,3931864725978.6533
6290,38543904930823.42,183512485786.3589,5359534699198.684
6291,45929423997047.234,233077442077.7129,2686473356626.433
6292,59285294822509.53,199088601146.71704,2624791545634.6245
6293,28987034011314.008,210084031148.46973,6218864663575.649
6294,39567839700955.49,237483970390.39185,3207497797494.5645
6295,33695911162881.758,223915012391.52734,4254233418044.553
6296,39034736073281.2,156886534220.3169,6749357105746.517
6297,69284558117972.05,157594349052.9734,2837247122194.8364
6298,43111794073129.99,176354790486.09644,4588922894240.182
6299,29593071060923.82,246260828979.88013,4136128658621.1997
6300,38071727215139.03,167633408879.3567,6495142090516.22
6301,43228361993768.24,147143451089.74292,6927681483381.469
6302,24693605533205.53,248596847501.05737,5570957439704.914
6303,46170427704762.875,159911848380.91846,5165405206311.082
6304,58122574766638.14,156824654582.19897,3747095812348.7354
6305,36699686326870.24,173100400796.03345,6637026455146.222
6306,59079706422705.96,206837226932.99292,2503822058140.7144
6307,45315992727051.68,167917427718.23877,4624383449134.644
6308,65271730340296.33,161568682178.82202,2983501595085.637
6309,38715722620719.12,167740729438.04688,6403114682913.601
6310,53249190093744.53,212926747863.3181,2616531812450.7
6311,32253632430808.85,235635075573.31494,4015964544188.3726
6312,38391444454805.81,234749582219.37646,3299326706206.076
6313,46047898907801.81,192320497748.16187,3791959811617.206
6314,44908586006665.55,152373887258.2483,5644760107335.926
6315,51927721136104.2,170904265237.96094,3703069134928.937
6316,27348442287121.9,287691708550.96655,3650486180574.749
6317,62032868902042.0,139513743043.552,3830864352147.345
6318,45021549422280.44,157220666168.7173,5500624326380.727
6319,25767240834788.652,210267856232.3816,8254526266866.091
6320,36201542895085.93,243971838694.65674,3346469090542.9634
6321,70800714444801.95,124625629835.56909,4427689636708.139
6322,44502687758398.95,145168093457.19263,6947702309592.493
6323,26647981976780.05,277952068895.76245,3909086483028.344
6324,47111208884556.75,183887192812.24414,3923679507750.6226
6325,49562532200797.79,162387757094.7732,4566723889431.978
6326,25158876681750.516,266308326363.27393,4825313343587.72
6327,55365514927219.266,168180625107.10132,3558277112416.348
6328,27431827434914.16,242553120767.5017,5180777532242.971
6329,50435623460936.39,183396082645.85083,3543044300421.379
6330,32162185201234.484,227660150449.56445,4872376305847.124
6331,28176813677086.523,241559625550.85327,5006047532767.3
6332,45462556021257.555,219308125058.0266,2976929676055.936
6333,29923898325980.105,232480119895.4707,5147597063917.303
6334,22330798731855.133,288280468933.9365,4649772073558.0205
6335,38620418752798.91,198241625364.80005,4388357679451.951
6336,38459688818210.17,196255124129.0664,4726959319941.487
6337,25271471825169.227,240541895102.37817,5766499364700.149
6338,53513650758313.31,155941273254.97998,4270665517555.531
6339,52942336123389.54,211838117120.68726,2729242168167.459
6340,48204864508358.48,240390220468.0022,2439184896459.4233
6341,37334769228536.195,252211202022.76636,3040798115878.8613
6342,34657376063451.945,202565894120.5183,5242598184757.892
6343,39251221227809.164,247505236921.0598,3015418760111.395
6344,47727895611579.44,189080676493.5625,3651754187701.337
6345,40090093308435.91,201150639814.65308,4186885345896.805
6346,41629395579658.89,228802633532.36597,3067637800496.546
6347,25151538339435.53,267421378769.4248,4651300278971.325
6348,42739576893188.07,159989808939.15576,6137229176308.197
6349,30174929970751.332,228986520681.6277,5245379140749.602
6350,26526240886817.324,281569451855.5449,3877212662256.555
6351,41354036602646.56,205772093885.82642,3756843671641.0005
6352,29945803000057.133,269655956877.16724,3636925884665.8486
6353,26192416988583.82,264383968402.354,4597362577052.22
6354,43668771464793.2,222175063885.54395,3123243815489.978
6355,35988065468617.11,177530905983.2937,6023776638309.741
6356,29948356525047.29,273341084357.52197,3615503729952.7964
6357,63614023047201.805,143992562689.95386,3597124741559.3193
6358,57594044133023.64,174911659569.13037,2996110368977.2646
6359,20060098187425.594,298844078298.96436,4581456020634.436
6360,30203873937732.61,240376600559.0244,4620930139158.738
6361,42274847127008.81,175297326581.43945,4715826523106.232
6362,28939913901463.883,248017750040.6687,4624598171758.803
6363,36114166824114.51,198599144455.50806,5262724458970.9795
6364,54746138829890.734,200207881562.08374,2879296416990.206
6365,57615670249169.92,198921955584.98022,2724162359037.2407
6366,58453128150231.0,219202268237.88354,2275467299344.681
6367,23481161624783.223,236502584054.72925,7107429231996.849
6368,40920372263545.76,155000112279.56055,6745275704595.524
6369,35694189157000.46,208061621022.6963,4842765996726.78
6370,53379309323595.484,133989739421.1394,5891182722010.363
6371,41430844551580.38,189544139739.52295,4437752762113.5625
6372,47856745159119.77,183070088616.51,3853051479070.9907
6373,26691922972372.77,198939253524.07715,8148754674076.435
6374,43937088473100.23,196268086828.99536,3895025865965.77
6375,52170477253786.34,157381785015.71826,4412903383824.802
6376,35450674405996.94,200824971003.06348,5262370225347.539
6377,25526831412627.816,239525590273.93774,5751794421230.811
6378,53454043346518.69,160499841025.85864,4095603556858.5757
6379,35979169541424.04,217203046407.8059,4199163659825.875
6380,35037845805240.332,161480452707.32886,8564913746445.07
6381,26124532744247.754,264926909741.8225,4683483987287.849
6382,57623029083149.2,192270002448.44238,2748294404192.825
6383,37938729796244.17,182127647989.05786,5629287356789.271
6384,25555345096576.723,250415946720.68408,5282014192763.172
6385,23928424492786.16,233305088724.16113,6780788253607.152
6386,31754507962319.516,323425361297.67676,2702858507672.362
6387,32844570391574.445,251378552343.76587,3643567342736.7715
6388,45945765189616.336,183585114907.94653,4163467964270.552
6389,55290666275138.66,177298384603.60913,3126527175270.7695
6390,37863577695616.79,164384645202.58447,6671435820932.357
6391,64896072261910.77,129964295505.95703,4782154464290.7
6392,42780958208048.66,156077343066.68726,6294306281361.175
6393,68553212104483.11,122933876440.97974,4932346600069.55
6394,29866259153166.46,274480392041.35083,3541597572042.214
6395,53399518451392.1,174239915608.3933,3640474761294.0723
6396,36836661613476.65,200599052450.10156,4811318005849.543
6397,72804323531333.67,127595398903.50586,4240019326912.1226
6398,55457824142246.48,125836286144.094,6595992403904.913
6399,24895449746248.13,295380121277.7781,3703925882237.534
6400,57940494313179.09,142966002478.05103,4324263701427.199
6401,36063714200896.17,196143738430.1902,5365312360581.178
6402,69858119938543.67,151367869110.11597,2825912934420.6167
6403,26608969583802.117,196473817536.82593,8369954135587.646
6404,47819360896199.94,183743736581.92676,3847573421969.7246
6405,21457016927102.652,281377163843.01074,5387487323216.213
6406,43319217235488.61,193429797695.87207,4065694776583.187
6407,57629010241114.25,137699174468.39307,4526394858670.587
6408,36329197806119.99,224482187689.70557,3821324321386.743
6409,35592484631134.48,219196502659.208,4176677596283.5747
6410,32817449816571.586,217002837364.3855,5209711414953.163
6411,33695578467145.31,222335161815.65283,4375073942095.2065
6412,29513376898418.71,280166053947.72046,3467204769924.2676
6413,29589220265642.887,231995262025.59253,5222168794096.206
6414,32828702216909.727,211346696211.21948,5352555037154.095
6415,26891979029442.484,218853326069.20752,6408674891163.51
6416,58169305135530.89,152127836794.88477,3997054141193.554
6417,33765277026229.43,213360414875.57324,5055630457213.881
6418,53225057185468.195,224132026553.99927,2501954830641.92
6419,29649523904522.13,241555282268.29077,4645660376314.818
6420,31789690954429.953,260149960664.8452,3697907108025.1885
6421,26676495430504.33,217020026533.83594,6671054843899.19
6422,56802736733208.22,219370016667.6084,2360758543656.804
6423,45252997941463.36,233553791929.13428,2828640626588.0327
6424,45473187787027.45,153786957825.708,5512928504575.789
6425,40166688948546.53,183446973200.24536,5090132722058.887
6426,41494184225839.49,296864381700.6228,2479714791127.976
6427,23484547422569.9,271092482171.07178,4892056220141.85
6428,45419889925019.664,196805570662.41602,3604225032888.8496
6429,69496907076067.23,118253455801.1399,5303566854574.811
6430,51174166963736.67,160114857426.7671,4387291669100.581
6431,53700222779155.734,189006933527.19653,3079722335669.7524
6432,22263978804126.9,287778718447.17114,4695437065309.399
6433,28098280794272.207,185536296596.88843,8924112209792.52
6434,36478634967271.766,290983463339.4917,2666426865086.164
6435,40314573175583.47,181449475970.07397,5093088803356.596
6436,56611162983518.28,176239913800.79077,3040946514940.7285
6437,37259955659683.35,204281572355.35864,4654035431952.822
6438,45280819528109.44,145096059830.52954,6282505311629.788
6439,29764715539679.22,198141770371.48364,6509884647428.71
6440,22876216824240.598,243146431589.8313,6202335191608.027
6441,41291737218706.69,204941494059.55298,3955360311064.6353
6442,52863622764262.88,203569650006.58936,2746908060399.842
6443,61293640460368.47,150052956904.7566,3725899619142.665
6444,44899859467120.266,159757243928.82153,5414591621202.322
6445,36768598339406.17,290760372418.0261,2593703343639.3457
6446,33282106976468.72,216771336135.14136,5104435293711.009
6447,44099043414813.2,165714423055.94214,5310695026646.16
6448,43870069052918.23,193708837156.6577,3989360009778.471
6449,41703132728469.34,225555257572.0432,3181873152539.676
6450,55956276948038.89,171609123614.2141,3312961537861.003
6451,50933078846217.555,195354034185.76196,3128527781791.728
6452,39045635768713.31,198375313036.2483,4329689020918.395
6453,33879666322001.223,253024890367.82764,3494711825328.391
6454,65998551603310.516,129281787557.07104,4620424655327.632
6455,41369170951059.31,175175318662.72974,5171092875710.2
6456,41313376136215.91,150696453567.80103,7113204272765.629
6457,19653969667043.555,380425668611.75415,4459910299135.522
6458,33016589940727.625,171132233641.01538,7702153973611.61
6459,34748060133067.324,195017447896.6936,5828357879302.245
6460,29993821922405.113,238332764550.51074,4831634598002.255
6461,26058253399954.617,255435731733.41748,5129697722272.545
6462,42031804527190.85,174026734894.8579,4773426792467.565
6463,53602511493021.97,222880414894.38037,2498327581731.1807
6464,59860613039115.63,160164107077.02612,3466010832485.4546
6465,37945729758897.02,228145667471.4729,3563934708675.55
6466,37329847535960.03,246424950918.88452,3235117204097.054
6467,42863939149455.43,190476671306.38672,4294388643053.495
6468,45724456149438.58,144348549085.35474,6303617183395.866
6469,51634771683250.41,189932034090.80444,3151188394942.3403
6470,50225632435103.78,178530645422.4038,3708904259561.0796
6471,31930395086253.734,214111512257.81128,5433498423275.172
6472,41544487278959.39,174787294169.99048,4974032606178.8
6473,47017593504938.19,168584500716.6162,4420665977957.789
6474,42348378892174.64,242704204589.1941,2803824175285.8257
6475,36844769341460.41,315082423714.9011,2493144255336.5215
6476,31155536072384.973,247463043469.75464,4019891705566.221
6477,45321633062865.484,232014006925.95288,2798811341482.114
6478,56229352042237.18,166480756571.71094,3511647640294.3936
6479,43173854146157.984,199031181673.0542,3841390860342.9653
6480,36767882857721.17,187263639116.09937,5487168507018.984
6481,23866439293550.79,252524358967.3335,5534043852544.495
6482,31061526565360.72,272088886079.27808,3509378226778.766
6483,35534895610209.17,221197355477.61816,4165571081701.9854
6484,55702759611756.766,145666190182.45923,4389021768438.7495
6485,56966488942120.73,160623075241.02563,3777737219584.9834
6486,45768868977164.234,177265639033.1831,4269400934109.803
6487,53380067081522.71,222950546112.5481,2493790895394.5938
6488,31154503770985.727,201357418993.9519,5980987455801.236
6489,27050466480779.848,264795370881.7273,4205039760059.1694
6490,37894472567420.766,198424199479.302,4763947743260.116
6491,37724409844709.97,194597489885.75415,4839735480423.052
6492,37085585556981.27,222749596269.2932,3761763287467.889
6493,27942222422640.9,265665679373.1836,3735885695027.1084
6494,25863329914796.17,324854700231.593,3031733000772.455
6495,38850470425822.63,260595260787.61157,2717157910924.536
6496,62597065463897.016,124940744329.28369,5463628696832.189
6497,72551593331338.98,116970107221.2649,4911990054715.264
6498,34022713747257.742,221158859393.10425,4371511802257.426
6499,40758690213479.2,217044742487.41064,3618487356640.1123
6500,30428859646448.92,221323394581.85474,5394357839935.201
6501,42729838335084.85,184782647416.88647,4357900199697.8066
6502,56136751279250.96,135040029087.56958,5397710050433.428
6503,32222655507239.293,229621929158.04028,4727467854200.92
6504,49666492528516.89,137299225570.45337,6138123805337.928
6505,48169671509762.914,230624564527.02344,2612621178905.0986
6506,36973377521237.805,243401874168.54004,3301488257723.953
6507,43094132656819.09,171012180021.41895,5032577816163.316
6508,26173861594751.613,277773995997.57983,3965631100802.8066
6509,39391682599158.39,181309190183.16602,5410067126384.61
6510,59584616366917.18,191159952575.5808,2681010747582.4688
6511,29421527618324.363,243506591230.19067,4639474934454.836
6512,44047536891003.43,202997360920.96606,3533301431775.6675
6513,47444546106966.01,183336436826.68042,3878439982218.292
6514,25872275567616.496,283979093334.62964,3869789497553.3193
6515,29819209165146.664,236303347591.84253,5018409290191.302
6516,32766405715640.867,217285688332.26685,5205652949199.528
6517,24027568470977.53,259955949235.48877,5402451209176.517
6518,51110307252129.55,139825465819.71362,5775183507702.028
6519,41754105518138.02,228158584577.30518,3063681664218.6377
6520,33063189362577.945,222754988952.97412,4611135482771.512
6521,58301605676144.94,142278771821.87207,4318746835484.8496
6522,42837964617014.76,210304826110.32788,3454300676370.9624
6523,46924966741715.234,162448728770.75903,4759721604318.298
6524,22453479301013.89,286816621935.56177,4632650412827.161
6525,56175062875746.68,173365329758.62964,3070802664604.5063
6526,28532486615857.984,182147960457.6997,8981669228442.506
6527,50644523055165.78,164370103750.6809,4275557123853.743
6528,30092400824119.617,226499301910.77002,5372596628382.69
6529,27332676189473.453,224971583271.61475,5968110950060.9375
6530,39863260014988.95,251881289597.75928,2809657878423.9717
6531,60841243012191.57,151175936850.1294,3705354916628.4517
6532,62748519628424.664,142688506912.4651,3780307331172.884
6533,46464647335796.0,150079117981.94165,5847299164210.216
6534,51510434969676.836,160076087393.32056,4486727506511.809
6535,48734484243451.06,179542202539.2212,3817612455262.8135
6536,22542696466873.336,282760175024.522,4820993486681.442
6537,40922433163675.82,173171552860.21802,5298303370581.79
6538,43524877889662.125,183418174538.21045,4465745405068.142
6539,52809174833581.58,156734412190.01025,4336688003624.431
6540,23288403211854.047,316170361160.61523,3645859472834.186
6541,54119581545136.19,186879997305.88745,3077448690945.612
6542,59049940387850.63,193072938455.67676,2708904351433.5957
6543,57984667571839.97,153898192804.47192,3894247392155.7085
6544,25364134619123.312,263618896160.40405,4846923037033.766
6545,31989885780584.36,225884252770.94727,4958848661505.852
6546,32603403279593.57,196352652407.37866,6046982762987.254
6547,34565220197289.918,163082280114.94604,7560686500568.253
6548,48020885417256.37,202165905577.20044,3279652767651.6006
6549,29751986293814.254,278298787813.4304,3421119681252.7163
6550,36252379178567.84,204489802819.98413,4823605715842.72
6551,35796566432949.305,245034031946.71167,3489663973418.286
6552,29859705702360.664,206112694237.86768,6042240144336.343
6553,45479808701501.74,178364947126.70142,4361006308279.702
6554,31939147321999.145,234290281027.18433,4577548652555.898
6555,43294622325813.91,214968474842.88843,3279817522874.855
6556,54836686951703.44,133967117967.29199,5830621070336.405
6557,45479429364717.195,196444405329.9226,3491313282110.4707
6558,37290171060793.32,162705641748.17603,6774275480298.683
6559,34766009014132.66,311002715813.83276,2629820540764.4
6560,30708022785214.8,232142486068.38525,4999805960834.749
6561,50012539516490.09,196031158745.35962,3083546133687.6694
6562,47236697451345.805,187535595071.35913,3741264647686.5176
6563,56022363264592.72,178035072033.28516,3039161096592.472
6564,44988078240828.06,232043688621.19556,2894237640282.193
6565,27475227569905.254,239911281294.41943,5218096898579.508
6566,26091525563290.473,301260730508.06934,3606700098533.976
6567,37085456453466.69,237013468318.3291,3416808066146.6562
6568,31518658939333.766,268631156218.28516,3465842877422.966
6569,41575046494541.07,167602919988.17456,5536070778759.943
6570,58311051017096.734,204797146178.12817,2538186558821.0083
6571,25231112246915.305,259822665348.54883,5017351086982.879
6572,39032086734338.97,184686567837.21704,5133202121542.208
6573,32661072978878.17,189285206986.74268,6530972601480.302
6574,46159793058913.48,203837473902.55737,3291015751014.275
6575,43637199158814.51,214487588923.72437,3186695102793.367
6576,72683047230808.78,118164692820.17773,4551961565539.603
6577,54387505170423.266,177609422634.2976,3329868470897.16
6578,45240511741951.36,220683031968.70776,2954761779664.754
6579,33855737954554.53,253702293181.80737,3544315523918.948
6580,34559694782940.418,190279736840.64966,5939471643103.364
6581,44307619934615.914,205247563531.90723,3460596133888.406
6582,37854073563436.08,161656409977.36182,7085316980671.832
6583,28671005946198.63,257958847818.56592,4042932063102.4673
6584,29482677200356.312,280141563872.1433,3523657074820.4395
6585,70950797654019.89,123226705608.36646,4604698399333.372
6586,29347213726921.547,277505063037.0405,3592683927470.647
6587,33784191388454.656,247319932074.2776,3588348980080.612
6588,55860497096072.78,141153533286.33032,5144047003927.002
6589,60134559544295.01,124385283773.6311,5801344883077.118
6590,43188888468448.16,193448375232.44214,4073703526161.5566
6591,47863997972781.25,193465919672.3579,3291778199469.118
6592,30102841354929.746,232922990902.49048,5079898519860.045
6593,32098678052253.95,186525172009.19263,6769976596655.327
6594,49473754330839.61,181150820825.23364,3714786827640.026
6595,47304553693046.125,143301254079.3318,6150032559894.862
6596,38315618628690.82,193848132237.4607,4741005195249.987
6597,27863403583323.14,198616280050.6399,7700597883055.453
6598,41591946247574.12,210450782774.87183,3644502581633.7983
6599,43172434777949.42,216798721501.70093,3245455927322.438
6600,55705182550416.57,222417992657.05542,2434859691015.0464
6601,41512507736510.75,223816147234.2539,3286483517533.229
6602,54272559911294.96,169655434423.89673,3637696428293.9023
6603,44489156221478.945,154266978709.6482,5659002613556.443
6604,38791589532325.875,238493722008.36865,3170709894016.511
6605,27804964043392.445,212765549586.42505,6604414573739.475
6606,48430997070895.83,212735426922.3911,2853380327082.856
6607,23655141886594.766,250682704556.40503,5615176965357.67
6608,31805522405008.465,248302423686.71582,3872133964686.994
6609,23033241419274.25,283331585419.751,4655879892577.291
6610,36600334057361.82,208061826598.9734,4400177324744.455
6611,29087188285210.42,249244731236.3369,4480126224227.783
6612,67253016421557.99,118033174466.55786,5502759835235.221
6613,52212437717461.625,146835838727.49316,4823811972113.128
6614,53986916431244.2,134443639419.98462,5784161380856.832
6615,32785293667615.98,197293413322.33984,5997661881760.813
6616,32462674950940.547,225800230582.97803,4955344251434.523
6617,67837770353961.3,117833803959.25415,5495535944082.418
6618,46765642419440.96,190187978118.1809,3755432732603.4136
6619,43034706064907.766,169365665996.07007,5217916637410.163
6620,25856527470181.316,221858925571.89917,6873357545671.717
6621,33105819968956.16,172898415054.44165,7608825328199.311
6622,50720088380935.84,169230795426.4978,3892018699289.0557
6623,48799468555660.07,224958873175.21313,2660439616311.4854
6624,33135143791801.043,217579042737.95996,5005904549283.603
6625,52704590945893.24,156972394655.91846,4410664074986.829
6626,45700151526075.37,165097724669.52905,4825913589140.145
6627,29463880402261.36,229166204013.8308,5441011667097.231
6628,26288486622581.457,220003996853.54932,6607792654129.806
6629,24630897323939.586,262398275273.28442,5131868273552.507
6630,21905614756963.07,300249618583.4673,4373475970403.2085
6631,67388536939875.09,157463298318.26587,2970779307146.648
6632,36050361685308.54,207211484597.01538,4878350599055.391
6633,63098771979165.28,127331897847.57568,5183879671118.675
6634,44057875763037.33,136543211469.15894,7939053894872.309
6635,35299505888606.05,224053963096.59473,4125581720084.6978
6636,58172880109484.29,140272324552.55518,4389082458250.159
6637,50618837554659.24,172312723479.65283,3886489757458.4688
6638,47996831714090.11,222079816706.5254,2762805239609.513
6639,48488299942343.695,204901824337.4756,3095028197914.2407
6640,46783609211794.19,189999727522.9673,3755432911778.2446
6641,28205103477919.566,239156121177.2163,5218781687074.455
6642,40254805664485.75,168220570089.07056,6042747151904.868
6643,27465449944059.824,218511047049.80933,6181154356672.568
6644,61262974839902.195,125502031596.06665,5659145286924.618
6645,29939414771051.168,231047124452.5984,5197377417705.13
6646,41399935408852.74,205667028264.85645,3933852365460.1
6647,25128848266457.535,286743384306.2671,3869139391483.254
6648,37903579690849.73,186789136978.4358,5369039224013.627
6649,28793240305180.64,246779101223.8296,4710616316238.666
6650,26091922808962.695,265776548202.365,4664930259587.545
6651,44849098379501.94,193851937836.08472,3830445696261.343
6652,43274560870750.13,152942607020.05518,6387446887133.667
6653,39079802582892.13,239389267164.2876,3121324687639.543
6654,45974885476125.695,172265317698.989,4403770411492.066
6655,33801586365586.098,229050699152.7605,3950695356861.155
6656,39171072618660.875,259413282635.36108,2664957765219.434
6657,27786127306595.324,239687736117.33472,5297123136177.167
6658,37543422065214.086,204409256355.0603,4549129416020.823
6659,48352921201169.82,214856714799.3921,2877469801550.821
6660,22927324460072.875,270383975354.58984,4999864599452.192
6661,56350160015059.71,215764669910.9192,2465978253718.171
6662,36151287321387.3,235733172799.39795,3578323874539.333
6663,26178062192771.8,263090059312.13208,4708125498546.609
6664,33300016120444.906,321602076688.1438,2665821300024.219
6665,32381004865130.645,253001365174.56982,3733449843137.421
6666,25609878453432.406,221342036252.56885,6925230330769.214
6667,32750179872046.65,212909094087.77612,5350358228821.593
6668,37899381227607.42,197712872100.73706,4785819301849.778
6669,31781753909825.97,299723775077.3115,2886152110688.3345
6670,24139093125701.848,289941487145.5525,4036210018419.4565
6671,43870241281171.734,193695212730.0608,3989922457261.5522
6672,37486457308152.33,186846602322.81543,5386454170390.836
6673,34195665876482.938,319454299776.824,2595251387191.489
6674,25223449252863.414,238682757911.27368,5876507048324.601
6675,28056712029297.78,222833327861.2234,5880313529672.003
6676,36749766403240.53,210579891782.22925,4367835642849.716
6677,26165629918829.504,237675272625.31104,5520323771905.53
6678,36841551203186.55,318022826920.7883,2473447020174.0605
6679,52835233320228.62,228318553087.65112,2488882540303.8325
6680,33651673038605.824,181217806010.771,6724641531475.124
6681,46350260296675.59,192350483633.88135,3752568110612.4395
6682,34959351336643.47,209748190397.8186,4820855073127.488
6683,31399269389528.86,261015545611.61816,3689173908223.67
6684,38653166065685.93,196630237810.40234,4470139492625.07
6685,34688319862434.242,174022375255.76953,7093375273098.092
6686,39769148900795.17,176393128273.79077,5436968247902.897
6687,32484120227017.965,185920029922.7727,6628238207926.866
6688,25882258569440.61,272589965124.59424,4349552972536.1045
6689,43058267584126.48,193770660294.5271,4134670553005.091
6690,24465657310283.996,250794089534.93286,5547759936128.4
6691,24704092615178.617,250032607404.50488,5519270605689.605
6692,34518829571216.332,235076301563.01782,3781024979467.2886
6693,66920632080555.36,129569449150.83374,4581030867595.059
6694,35941176159516.79,280520424729.59424,2903442121541.363
6695,37766503563309.11,207207684373.51855,4110059172545.4404
6696,32739968641988.418,224779365591.49097,4611542249896.534
6697,30545506261852.15,280146897952.66284,3259338431681.0225
6698,34173366977030.047,225361458900.0188,4091945979990.9185
6699,28011481020742.195,307625584669.13403,2982106388846.551
6700,54913995641477.77,140166688034.45776,5203765010440.671
6701,22261972467120.81,285745002001.21045,4763643542591.961
6702,28253335258054.246,245326278089.28198,4923847872430.087
6703,42936080190385.16,179863525955.46777,4677387325189.282
6704,42753784215205.22,192217039317.239,4192316830285.2856
6705,32213813874036.93,263728726791.1516,3568462003071.7344
6706,32676358627512.94,193822847262.52563,6243178927152.937
6707,38659247477099.7,184651820892.88843,5194948135960.177
6708,28246954459506.96,256528484161.875,4483633550551.545
6709,47141394458036.98,181711081498.614,4006972438796.2197
6710,54946489013136.47,171204531922.15698,3545591812952.2046
6711,41005164469974.31,171357116955.8396,5449308140819.703
6712,35896911737587.16,211715651476.18604,4425160242560.719
6713,49372330643952.72,174787738224.85278,3891855189826.5317
6714,30452580390051.496,196779466776.8694,6663121275171.5
6715,29671724051669.066,232542199275.0393,5187900590114.131
6716,29513244568362.324,222060186364.60767,5737678262224.858
6717,35860823388449.07,228421885134.22144,3992703844071.5713
6718,35416134545079.26,173577774595.20728,6608384150741.684
6719,27452919763828.62,265469614795.3269,4066323958593.0337
6720,32030006409624.348,238808856873.3098,4138506014952.766
6721,57181275946599.32,218236137762.8767,2385789770871.186
6722,46296218599792.28,183404884565.41138,4007157670560.295
6723,69755866014696.14,120571614487.7854,5096237245092.106
6724,56928649576346.68,164460958935.5852,3632113941525.0425
6725,52545723247940.03,159186322604.59595,4263021525600.3726
6726,70071566363881.26,120611866116.01367,4945545483614.754
6727,24335082544433.242,248439022143.35986,5602100268086.673
6728,56262494468475.11,184584064044.84058,2921739214232.437
6729,54195018386485.945,182766171433.56958,3181976641337.8516
6730,37850204034315.94,180809897669.3374,5694569521590.181
6731,40113136870969.77,209308014236.91504,4009789021399.466
6732,56377013106061.67,200503308707.50073,2619464398838.249
6733,45783386856982.39,307423986921.74097,2280815738576.732
6734,25479197677062.145,239776538011.52515,5643837442563.106
6735,40175374550607.94,176293246431.34717,5322281554763.792
6736,50746299354859.11,166845194063.1648,4051390760077.641
6737,37158838262329.83,165901590831.30762,6673512883027.3955
6738,28249868225261.637,259230949935.31348,4063089216852.808
6739,38983760597603.9,256718754220.04175,2750599156574.9307
6740,43973363849470.39,188777785198.00732,4191552903999.0435
6741,62543780087711.83,159504138366.99683,3237799003610.8877
6742,36252093275892.45,228011303162.15186,3847550890388.325
6743,65337192437589.07,126112922996.84595,4848444292061.218
6744,47712056593109.555,158557933716.86377,4652536303055.833
6745,38594994924591.58,201954017600.19897,4456130076282.59
6746,56057540650717.34,168894476007.31274,3546574438118.461
6747,27551803594406.74,250410080967.93555,4732535438313.061
6748,60028791949844.06,161286866944.27563,3273504018009.6216
6749,47261849187506.46,157788356606.0393,4991522306755.178
6750,36406450639666.664,207151057862.53296,4581601906753.766
6751,36764358166855.78,210746158633.479,4345377676117.397
6752,28762105161246.562,228905974585.1902,5581209777733.054
6753,48935715562678.92,154771644517.65015,4770969482008.741
6754,35346827513885.92,204038596650.14673,5146110125111.3
6755,29958287191974.566,243346926945.552,4607138583756.891
6756,42910357686128.91,232893080703.45532,2924405703158.004
6757,26982845228575.52,249858098281.79468,5153890665634.641
6758,26345406733217.727,322199499958.5779,2976241552977.083
6759,52565002071247.5,178080727837.74,3505863130219.1934
6760,41137410578344.914,173006717639.8435,5420896535805.537
6761,33930007174785.22,238646997689.87427,3858876032899.9873
6762,46299038935521.22,142421376773.35645,6159311713530.332
6763,30132405160593.918,197127863358.1316,6540347249751.331
6764,23310691888924.684,282995893629.86914,4618857664372.892
6765,41507417258213.07,181603562208.1101,4836566107242.508
6766,29833516675081.5,221495096876.32056,5710448024244.636
6767,33305635894407.594,248250887347.12183,3739971738382.2134
6768,53229323724437.2,187653929854.6306,3118801542807.7
6769,40710982687599.76,230263979710.05713,3228689573085.64
6770,26031040276198.926,234037726153.14697,5757222513642.136
6771,25892756356900.184,271792148945.33374,4199890003858.533
6772,29568666401265.42,185644548530.83398,8480984217379.586
6773,52089035214431.38,156883912541.2859,4433894217032.47
6774,32783663367825.273,268775703179.00415,3127063457903.6875
6775,43223516570752.164,193527717436.15015,4052435251678.639
6776,50160181658682.3,164279646998.1433,4422540753451.493
6777,49258803238840.016,219252329288.2268,2788797183388.2544
6778,27149451159063.562,239494462453.24683,5385516477126.212
6779,38323782698207.58,175929934147.1648,5892645114019.752
6780,36377976411480.32,264783497524.9226,2880265612954.62
6781,33890597582782.094,211869961022.46826,5113727537856.538
6782,55516331396305.695,167055672180.77075,3604734516708.7227
6783,45633059500796.8,147478773621.43164,6073805397209.746
6784,38738466179717.61,173731955539.30176,6189732352186.494
6785,50124196328559.625,141188279206.40405,5988083401093.136
6786,36135390048168.88,282271789899.105,2848681409921.8315
6787,30282337825679.734,282218749427.97534,3247167618741.732
6788,43951706895052.32,167188256366.39014,5247097123145.291
6789,33919069467875.66,222314210191.43384,4227784639585.8286
6790,22951682289238.387,339673936285.1531,3087775617378.5376
6791,40168751683995.414,147463698972.92505,7834274085391.675
6792,54457136637360.42,229421030106.26758,2370447054342.2764
6793,38744605827310.086,223820146376.02954,3581234710943.509
6794,27844186285733.965,212592330234.9939,6649434062045.462
6795,44385695958831.945,209594462969.07812,3267346123972.3203
6796,49810604253305.86,164351776770.75122,4419456044704.412
6797,53320062077207.69,217259337122.46875,2513170636204.519
6798,47520846874086.94,150731962190.00757,5238078772148.137
6799,40803520033801.84,221395777060.87305,3437229488202.1885
6800,23946584233196.92,280114975411.89355,4615349013474.189
6801,51312774114680.38,154797370227.26172,4639868061714.49
6802,50374217073143.516,142236906366.41187,5854805315410.642
6803,60804721448854.24,123840370067.46948,5762328966396.567
6804,20955840262893.633,288732529580.40454,4798530273697.624
6805,49538494864888.03,222842494833.30933,2688219634951.6226
6806,27518804269166.01,231106491813.0127,5748937008163.085
6807,40637495886755.83,175311771011.6123,5218121233626.638
6808,44071646685378.02,152938893307.86914,6228776123073.996
6809,25611573338602.22,265499323924.15527,4787216198025.578
6810,42829568073651.59,154970201712.41968,6343116052263.894
6811,37547203948457.98,194331643737.24097,5143428341366.662
6812,33294312101144.59,195720271939.06982,5904508735751.881
6813,54200938213673.01,128691993591.50781,5991819078995.646
6814,68320370517859.06,156209638832.41138,2925939185139.958
6815,52433918440075.02,212019476772.73486,2703743535471.2017
6816,27444193520023.99,246318136863.85034,5026045451192.566
6817,26887689439567.37,195288038956.3369,8200461578198.631
6818,31773046392824.14,265043510493.1797,3472235597198.808
6819,45510840668436.04,167271198011.83374,4720509875533.303
6820,26789508660310.35,208946068449.3335,7529082308950.219
6821,70987967261324.86,114638365655.1582,5326318042244.917
6822,67935441771493.336,158667439815.146,2937543254604.514
6823,40847339695897.234,185363848709.02173,4706439757758.987
6824,27192525571366.332,239753290132.0161,5319251881863.767
6825,40938084592676.83,157850730514.6726,6630286646005.511
6826,29621691025088.953,316733884626.1572,2833353784103.9404
6827,39534892098430.3,186547197606.61108,4980140716935.448
6828,24987508130335.63,241565140583.73877,5735578818608.301
6829,56732894191661.88,199342520580.68677,2596196069719.163
6830,54277741340968.45,183484418739.03687,3103827608462.733
6831,29602032798413.66,231225986356.98584,5206442156848.599
6832,54768943123669.99,123694252833.58179,6945026127845.797
6833,27287439515359.715,216352966154.40942,6519852861866.479
6834,45145852367816.875,185445592739.2373,4056781373171.9775
6835,31615398671802.844,195822865053.3186,6315294326845.83
6836,52012046172722.81,160658329945.3567,4235090207405.8677
6837,26606291078500.676,247734301706.91162,5161507969637.262
6838,41835523498307.97,166749840842.65283,5591555963810.544
6839,39779476187688.72,171739171892.1621,5615668021898.291
6840,37219949843337.99,315286740483.56177,2489894579998.6865
6841,55278896386505.84,139926318575.13696,5191501810479.973
6842,43262546265932.82,254667153172.3877,2471782867203.593
6843,31958517797244.254,223601165011.5681,5050123380364.903
6844,28451635971356.24,231934298603.76416,5523737634348.616
6845,51875691079287.836,215501044841.70752,2720896250334.1855
6846,59686319300865.48,119970909430.18457,5947777871433.736
6847,31580480059130.62,192038054969.68164,6329151583273.076
6848,39901688835885.94,187297563083.19556,4862532247200.16
6849,44449633285040.98,238922073042.8059,2746833648722.437
6850,35783423580892.92,208402035287.02563,4818139359113.886
6851,37107339452008.055,219193311799.55835,4041362645446.1226
6852,41140030253291.43,178454114811.72485,4928933766709.056
6853,32717284200344.97,276151494943.36743,3056882433593.515
6854,58060977175707.37,171382274099.59912,2977645173895.755
6855,46230739092577.266,156684801440.9944,5135643223108.356
6856,48007672936889.74,147502889622.99487,5170470672602.051
6857,57036345416992.336,199231394517.13647,2619212509958.9546
6858,46772342578063.016,169122710349.66748,4510240314787.548
6859,27086756540894.145,217830336529.14136,6505124349489.417
6860,31260308330255.863,189604942125.8567,6733431424503.562
6861,46032205000185.69,162241652507.0774,5005452945160.964
6862,25468556517900.914,255633193972.35938,5250110242798.56
6863,41274332825138.41,169031070626.27124,5453509422493.441
6864,31521213207851.05,217687835817.06714,5226862713000.528
6865,45207659544449.805,163499814107.36304,4937154921061.493
6866,56598889574905.89,199263802862.55566,2622196817079.259
6867,26385704612767.848,265264663423.82983,4186376242885.277
6868,62396632254050.32,136606129992.0437,4767233966753.183
6869,52163047735522.42,212989609278.688,2674401300875.9707
6870,49764283981418.086,173428848902.77368,4004914404482.7227
6871,31491925739149.664,227544399540.12378,5022247031537.078
6872,34432503883063.125,251819595718.4646,3372008501605.568
6873,46945215276474.625,180343849020.3994,4104399748838.2075
6874,53702061323881.125,189064662468.9724,3074736479733.1914
6875,35389625207929.77,241154936043.31128,3619792180747.6865
6876,62271229091745.88,138535833901.2937,3810979448620.0854
6877,56094990847097.44,122665881950.948,6557433384452.703
6878,60444360894519.95,150603720087.78784,3767753255841.6147
6879,48335247277737.19,211085567249.7766,2895806130151.8887
6880,55944792833285.98,212139234843.4026,2517473970209.206
6881,46546027728266.9,189432079065.42798,3808718397621.469
6882,32063626138311.836,198220489138.9099,5968453492901.062
6883,37394575063945.83,283104627203.29346,2689638423566.774
6884,28506537114795.113,247056018984.5232,4645677998142.997
6885,43444500716664.93,160213084090.24487,5661853130445.202
6886,44371932598884.69,192425889544.3816,3921150275418.326
6887,46247649185484.09,181611038025.8728,4169615570093.773
6888,48722903138133.6,175971921815.73584,3963671655354.2686
6889,36444816723539.61,210112780837.17407,4519754417621.869
6890,49418275298760.016,203001842177.02075,3075084372077.2373
6891,35811182990347.83,201846748511.98633,5176403610521.03
6892,46847679865909.25,241277703488.70166,2430724848142.1294
6893,39765650532776.625,314010129329.6594,2439174092228.798
6894,44976012351043.46,136746999589.67114,7684064621838.045
6895,53363472021241.11,239540585755.146,2401626246608.8765
6896,31030684634172.758,215765170654.47095,5661129568565.4
6897,50336700497603.46,218243318806.57812,2615223759542.317
6898,53059766078364.836,161589717238.47485,4159849162042.296
6899,29583474161394.35,189787025551.54956,7280980744228.822
6900,46012149901510.56,192877870211.75854,3739467517888.879
6901,44309372303902.76,201346530605.71875,3597102564373.3955
6902,42391600105694.3,187182138836.02954,4343208869444.0615
6903,38425983559044.12,180632118886.4641,5638464261612.543
6904,40266942798492.59,165766354627.94946,6216480300392.275
6905,23599512285957.203,240334917781.64478,6173602602091.862
6906,35643588967063.96,209620069602.95703,4708590403120.835
6907,22458543759671.74,277456691222.7263,4896341611853.775
6908,45046643022322.15,180855313723.98413,4227724601614.747
6909,27675971110941.984,230972734605.07642,5779315992030.128
6910,24385021441940.72,265912807776.11255,4898955708243.974
6911,42845718305802.0,245933496464.729,2603551532323.1934
6912,27560112114576.07,321655040210.5393,2889962223958.3906
6913,39690468039410.12,208410263568.72925,4063014017043.514
6914,32286961217229.008,217406926102.27734,5209186850579.675
6915,67221478574973.695,152749584244.8545,3141704272357.16
6916,39957752016979.57,187020729475.4502,4785440563207.077
6917,44008618955361.78,187036646963.1565,4181246662118.8765
6918,73005618664234.23,119816479420.27661,4539083032441.308
6919,25109103439435.25,316874953057.3052,3321463278901.5957
6920,36247489082936.43,249875895891.0808,3164911512096.187
6921,40350630361767.53,190203289017.43433,4319029742302.78
6922,26044393108447.45,313150975627.1946,3159739861264.018
6923,62531333026101.1,163723799619.56567,3112261213504.9507
6924,45041815157811.57,173069989782.17505,4631418512515.47
6925,29299443092531.664,248219315776.85815,4466107182717.502
6926,58297827546245.914,140168857694.37573,4320576378826.7373
6927,54133483183699.19,223308213030.07983,2432250407665.633
6928,55210738352767.016,136305347557.6416,5283652961093.114
6929,46097273949036.86,292205861605.3657,2364383868472.798
6930,44328014048811.195,183881360697.77686,4303895501421.809
6931,53453696463580.47,160532129978.97046,4094518141651.662
6932,37864337435708.06,164332194055.87573,6674757100631.264
6933,60318412010251.16,159716305900.92798,3464940192934.492
6934,52591364119461.445,201661176517.0625,2897959232500.225
6935,37091145853276.83,180677768086.0266,5838538450331.998
6936,33781209961634.812,172586620991.93335,7526040188810.668
6937,31148811658017.426,185997812935.49634,7547606768157.819
6938,40171530260799.81,177128213971.79126,5385822615103.986
6939,37694515808803.54,181512047514.8479,5707858323243.228
6940,30469551138008.75,199180667197.96118,6254989428607.722
6941,42951680224142.73,179699505348.56567,4677387454339.271
6942,27257484735377.867,323181114019.76416,2874645479463.106
6943,43709374561943.74,141661852110.17505,7082693780256.529
6944,39769039815172.92,176592213930.05493,5435092451725.117
6945,33768606979949.418,173026427193.63452,7525920030451.074
6946,43528467091406.13,140767247541.87354,7225602209604.406
6947,57688657221130.875,216033148674.77124,2352009586394.503
6948,40162481325819.52,149122107778.7776,7800055622552.604
6949,30453259499701.168,204017202594.8645,6107784815896.368
6950,35387548572484.68,241351520678.9724,3615178905023.138
6951,40175115294073.84,226276906765.8689,3271936801996.8296
6952,35278675621792.01,186069926729.70947,6060924677551.029
6953,21914122358837.938,299446929238.2136,4399786708571.743
6954,40635200820342.195,188433898501.83716,4664796262963.303
6955,25177279594023.543,241272536767.25757,5733184056364.011
6956,22386990546455.324,254135601134.42065,6041662283742.089
6957,28619247871443.785,224938813582.35034,5701546467856.495
6958,45280824802655.61,230561976912.65234,2886265869478.399
6959,60402333012174.88,122552133355.8064,5876267254297.632
6960,32678468739621.133,350708899863.7009,2580532174887.7754
6961,37987692230395.945,260335101265.60693,2787380525280.601
6962,28568211756983.758,244404369869.17114,4978515838046.874
6963,29819334080845.496,222770738861.28052,5726960234638.486
6964,32023588520794.742,202532429489.79712,5829899566667.155
6965,41585633261157.69,218615335729.23706,3556710140093.2437
6966,44417481558440.58,152520584251.30957,6159284689110.728
6967,48532480982776.48,229675815232.83545,2637421654434.745
6968,41377581633826.9,150252082240.40698,7133936033230.938
6969,45715552039053.45,146084211091.86255,6221937756162.636
6970,34831659188966.543,291961327345.0315,2727315506046.1533
6971,45667930218242.82,245296646778.14136,2485733755816.6
6972,44624027712105.09,197359600123.21753,3755509620640.4424
6973,44938145580347.805,281089113101.4851,2433706984671.471
6974,26503835688393.22,214328489365.78125,6835693526675.608
6975,44231514886309.52,158584906795.23633,5543862417169.028
6976,23325201863242.496,262172527477.65405,5393699466088.692
6977,28898642424254.5,299863769092.2937,3160326028534.837
6978,42267303489821.12,153136726466.80493,6684427780849.713
6979,41824076361727.95,227631681346.68848,3165863404923.5376
6980,43323405991450.32,213198884801.10083,3449620461084.103
6981,27563722797876.074,321313234978.09204,2897983409215.6704
6982,29546096635475.227,200251938551.2229,6478349684997.479
6983,30114530977239.21,230422031538.13354,5161361173855.004
6984,23632181402220.945,278042124089.38257,4717365389415.035
6985,39861050034879.81,257744547661.82935,2682703865555.855
6986,33001077179770.54,177755622534.99048,6967590044355.396
6987,45160396771976.44,165204763830.77905,4899815781380.911
6988,60145473413388.06,123470108370.68335,5822478006688.253
6989,41932692739899.07,166025027871.66553,5563258001297.446
6990,29310439445523.56,280345600176.19727,3495731977261.161
6991,52614726285298.2,187892970689.75928,3200304294686.499
6992,31275955152307.87,245698160781.708,4027605695141.169
6993,56224635515899.484,159726046550.32104,3903697360755.7114
6994,45992850022289.9,243770814870.96167,2449331943842.5127
6995,46089753380136.66,170860011798.72192,4402492681530.377
6996,38300881925872.87,200349542664.9973,4506860664153.043
6997,52903304669281.67,226718646629.37158,2515397333943.5186
6998,28373261168280.594,192649239995.84033,7946758657364.914
6999,26614194960035.645,220011647020.52148,6394770391427.389
7000,32263635232728.863,279148701870.17163,3064921464021.737
7001,31250882616341.426,206006541348.2683,5907683335385.525
7002,40994864108674.67,151800073636.2019,7188573899141.704
7003,23298544745169.812,236514960683.93677,7126149829855.969
7004,47814890457983.17,138474368433.0525,6090176562959.019
7005,60785912436754.82,141466930211.15405,4106088634444.045
7006,54201120717697.69,157497116212.48804,4123500201940.087
7007,57609436029157.984,140642419214.0669,4497820174116.839
7008,26675627726338.156,217054090901.57666,6663893109936.167
7009,23484924787577.727,228241787053.1831,7260039418233.459
7010,31695189116237.07,267873375379.50415,3506916534803.2344
7011,38004187012053.734,201185688016.19922,4469374320645.997
7012,47018951342315.69,152502555819.9851,5408934490512.707
7013,28219997560685.156,231200456915.6936,5588668293212.289
7014,22718921418813.2,284479399546.12256,4651611658261.009
7015,42709014498281.68,287196601796.3435,2504871351808.5454
7016,41941352617158.375,155442405834.05176,6704785372822.573
7017,42178745740521.26,148341737503.95117,7047380288249.881
7018,38868077901623.28,216243490868.9502,3916931630077.828
7019,37569470350665.66,217062486819.4458,3924086252558.9844
7020,30642808457216.1,274328299358.8435,3500032019948.3457
7021,27386635756163.96,254022890739.78906,4735731922174.89
7022,55975070458792.125,147444441654.59473,4303266140675.5254
7023,41780449826242.56,220979339513.87842,3463675198438.705
7024,54419109987968.57,200579695983.2224,2852109452190.9697
7025,53851202852680.53,159780282209.85327,4065224968150.5933
7026,39616597558350.766,197278030346.1726,4368608677089.979
7027,22817313772226.625,272821032368.22144,4853350114165.686
7028,22084362012984.09,265108858065.62402,5560922777741.888
7029,23759263858210.945,264171301723.3169,5314356155415.844
7030,25211755706336.598,263151749718.99414,5007171531278.122
7031,35791680918384.32,252486240520.80933,3096184453694.496
7032,28391474116454.484,195669607377.12915,7136382610695.34
7033,31069253255378.0,206916290564.81274,5801790038077.176
7034,54786243685140.46,183306282270.38037,3077099837528.1294
7035,33272784410547.598,189805741385.56177,6313960544025.941
7036,39886976010638.98,157670496384.17188,6729126779810.526
7037,40016162909213.48,180760436530.99976,5162061308773.226
7038,69523231216958.586,116385322321.60962,5456823194772.941
7039,42530718913180.89,219435545557.4192,3452496009543.6494
7040,29216768083553.234,228252508328.47192,5486359542424.236
7041,57633343817224.97,142926766922.99268,4346010123008.703
7042,51435373377446.266,174480472449.95776,3675612710594.2617
7043,30950611188318.688,275294608052.52,3448750222876.151
7044,29684342557748.594,296890917880.8987,3165552240668.8516
7045,45524298508746.734,175080107138.34644,4319625249142.828
7046,41248815222352.945,209482214521.7329,3765659346082.2563
7047,36751785682225.67,184938417634.32227,5509728982038.147
7048,39402637087390.984,164141395018.70825,6652423062526.2295
7049,21452039417405.586,275954534344.2771,5927492587212.755
7050,66983104154244.625,174962582838.98267,2707065204806.17
7051,57474745037280.75,220633660641.90137,2354118313864.584
7052,54459177226554.74,172291609047.3313,3400237351823.9717
7053,38760209435382.734,228129792033.02808,3562190788003.145
7054,21564859793662.426,290529132691.80225,4666848960060.862
7055,44477925246196.51,147543379634.58252,6314289334886.294
7056,32559066286957.316,225427397015.40454,4570519546002.083
7057,47257148140095.0,141638373181.77808,6275235106055.95
7058,32224797579847.914,273469782359.5193,3280423640908.7573
7059,28274911876352.938,282700048792.8152,3472470693794.2236
7060,43392923058440.78,221915621775.78784,3213575458257.0386
7061,27376372802717.016,231072645613.54663,5809987937765.2
7062,25652161801198.457,231690463923.2527,6005914998717.077
7063,44902145204222.29,208161510049.54688,3306198093380.3613
7064,55407781742907.22,122437233907.43164,6747746970760.85
7065,59465683496438.95,145837724993.21167,4097308427952.2026
7066,32510175836202.23,195416425803.32202,6175640984222.614
7067,25883051544398.957,223672488590.7849,6640780696601.484
7068,50513915317438.87,179079350078.07788,3701079340424.118
7069,30310051456566.258,202594119580.2881,6295500065867.64
7070,47267413666703.98,292401516082.11475,2291860698166.953
7071,22006719825121.12,261936894624.67603,5830352926085.81
7072,35497647563198.54,190300817853.53003,5701845237065.752
7073,41558746932886.19,295490536369.86206,2483870146693.5645
7074,35616552907233.72,284540181724.59985,2856545824964.5757
7075,36525147079388.92,169596855654.75952,6722277151620.18
7076,29403275271508.09,194953182881.12524,7025466188490.315
7077,38855446483660.22,233599967982.7412,3377756303522.9185
7078,46953100510119.04,230163908162.60522,2718317799328.7524
7079,31377235138980.566,217561294501.90747,5270675594643.988
7080,28261409409862.95,229757848161.63354,5630329206718.943
7081,44094742081268.51,194365727678.32202,3853997641852.173
7082,36150425116144.88,206845674216.08105,4869606477662.069
7083,44032432213953.11,181550037328.68677,4411754291815.194
7084,35540895806156.11,217705734939.7351,4251337957150.0537
7085,52617492927299.4,178684596071.86987,3219819603360.518
7086,57936027303417.92,161020360614.2527,3641320804137.1265
7087,40075723235021.53,256554969111.78857,2741543049600.559
7088,51629217096854.51,189562118114.1062,3179944040631.201
7089,28777777483512.582,244067147736.55225,4747234337867.429
7090,28056024279096.24,246025990926.00928,4775825868986.717
7091,31843976335044.098,194198352992.38696,6315051382795.516
7092,32586150455279.383,245388284794.37354,3927521335536.0317
7093,70039702080296.07,124707686414.5774,4837114297932.777
7094,21614638666662.633,298939021275.5935,4454154043878.111
7095,54189626564468.88,169634161231.73267,3712862784220.369
7096,32864577211014.125,215329717190.90918,5206992718824.748
7097,27547992467810.562,216377733582.80762,6261447943818.183
7098,58775536229126.56,161398258238.36157,3443241246189.7393
7099,34868017376779.457,173584170346.49902,7053713547505.563
7100,25903204582263.44,260303085029.1223,4898387691330.169
7101,44167591360260.29,166826157689.44653,5026588815774.423
7102,40565382703282.14,184682388669.36694,4773812474206.62
7103,45255938012033.28,191835788487.85474,3800168543307.279
7104,37009523530559.055,216793514517.32544,4071523367726.265
7105,32471704127002.23,189324439022.385,6449700912340.899
7106,29917892544401.04,221510056168.1194,5417796627885.676
7107,36908868015038.31,245750673108.44482,3329570790887.624
7108,24567818475357.0,264764805820.13037,4991190022133.067
7109,25828763290603.703,247728589696.82324,5214373972475.377
7110,27998302062009.145,258250689733.8794,4087802041970.9893
7111,34225508645156.312,217676686455.21558,4368917608057.539
7112,42739262370690.72,181705136776.08374,4552906622486.522
7113,25121249711027.973,221735050642.5193,7177216606705.364
7114,28166525562522.48,226151409435.54395,5759659334289.3545
7115,24160586703424.074,265374071011.89575,5167913879255.576
7116,29873649217622.36,233856455002.57153,5008073310920.104
7117,52121575325721.83,156034337207.27783,4561124645300.522
7118,52577668144808.95,210757428047.2019,2801885333205.222
7119,46857620955206.7,209280219479.26587,3043334378955.9824
7120,44661423566714.57,151637446435.81616,6084410516942.944
7121,41528684591672.7,228614341353.12476,3073588459146.0205
7122,45096764335679.63,207338362039.99976,3387420858478.292
7123,26639097294267.066,252817768620.2893,4901703673459.001
7124,58835120426996.23,201835857476.2141,2583323816007.761
7125,31665987930152.047,246974928521.9392,3895720934708.431
7126,47250580695134.914,138300322020.55933,6459586320289.945
7127,24422269359127.906,284432075055.3889,4131010463989.487
7128,24121792993864.92,238342559782.16382,6600131741232.937
7129,33751197409648.84,196753840781.12915,5843788546362.723
7130,40537832817611.3,220378301227.83032,3538001222853.29
7131,42506093484010.3,197035152108.57837,3978152337590.8833
7132,35084145904104.96,165430531900.72388,7380579261334.09
7133,35309860703308.984,202563903544.1023,5219091289301.849
7134,21543599559949.734,283880936934.0503,4873608860960.498
7135,26319408739494.086,249522494563.83667,5193180549731.558
7136,51923193479909.31,161918567052.66528,4251556814837.9253
7137,27262793191001.598,210882275345.5835,6783841233223.848
7138,29726275491526.016,203867521244.3994,6327248609008.556
7139,52411223838084.13,157043358260.87524,4352596043322.911
7140,36506126290417.33,207825688140.23096,4508207312041.656
7141,37354289749089.81,234059763890.70605,3521968480935.0244
7142,20288368109217.742,296632308859.3828,5338169619652.133
7143,34572255738685.04,182104804071.7351,6137894748922.423
7144,29826866668099.758,298711134969.1438,3041494646774.5737
7145,42004706523510.52,227171303658.08838,3107847280183.005
7146,32482405466598.28,187133125463.53296,6572656873459.063
7147,32983600155651.94,320322296379.9553,2698895797599.187
7148,55668579252779.42,137534526988.06323,5263974922909.082
7149,46395418102196.695,165338322399.6504,4687347764987.344
7150,47657130759019.87,290742009145.86304,2309913952085.407
7151,52976609451176.47,202715360968.0747,2826944608191.409
7152,33574826085146.875,168336489641.66602,7693636163229.879
7153,32789962399032.45,268624057916.43457,3131641400569.1904
7154,33392443915765.11,182616705185.55933,6580869032836.728
7155,31100217716183.36,289214123447.01025,2920983920897.0493
7156,58084553880729.9,174734211431.6792,2826763423436.8496
7157,54352995049668.87,142364518595.64673,5134526483406.356
7158,32044478950045.312,264588110035.63867,3582559787950.5356
7159,35354530205316.7,201055086861.61255,5234712499074.676
7160,47240227268383.97,161659303856.25073,4682316473772.98
7161,34119093335684.71,187558711182.18066,5965266361822.581
7162,29039334253229.47,232537191798.05444,5345911405936.96
7163,33293947243496.68,243148900695.7688,3858538730971.499
7164,30178697790598.312,229404130663.43286,5150499100701.438
7165,42038826883514.04,155606263158.3379,6614236144249.701
7166,28887290802197.367,255724411778.21802,4126887687060.7534
7167,41401058573405.805,227638664687.7019,3211560500849.138
7168,50035989338903.164,192593642638.74927,3356369077226.378
7169,48342705746040.305,238165799463.54907,2419887963440.5737
7170,48377205754044.74,173135964304.04663,4155061904207.8457
7171,42291794803434.086,232214159637.9724,2979241065289.926
7172,23654594570391.22,244852785193.31274,5978642186925.917
7173,23385596677216.3,268995127618.73486,4958800922217.076
7174,55882149640456.16,173137327007.68433,3295104825406.467
7175,40492572469636.05,158772653061.67944,6636233153789.476
7176,33275475120378.652,181921150406.98804,6794024260748.621
7177,39707514596834.21,150809254611.11157,7747588092999.677
7178,33045361465576.418,200852251981.5957,5725864559985.364
7179,30982027978925.516,207419510333.91162,5869656138939.716
7180,30479596671497.277,246035288602.36987,4068056666423.4067
7181,51031690688356.55,209971676329.74487,2806995779376.1973
7182,54215147171410.09,167290509774.54028,3721084668213.362
7183,66593346632046.81,157741558296.4807,3061775087286.9116
7184,39964766175971.21,165231264981.07642,6282034354521.675
7185,21709316172423.547,249219825951.16138,6152967964650.472
7186,40211766809557.445,146256002159.98462,7879246630913.13
7187,43539177689815.51,191704005356.1018,4056767447068.754
7188,57958762869266.08,166853164313.6482,3345127338054.3037
7189,47497091005225.18,172811311822.66382,4198304070805.8564
7190,31282539326319.043,273294586687.1819,3391756411538.334
7191,58937533755488.734,128092702131.29907,5941072882710.917
7192,28024869185633.832,250148872881.07593,4704055795678.878
7193,36419764222718.79,169962495510.6985,6652768700409.683
7194,29469303468417.11,276775464564.62915,3584768836554.3716
7195,28814014892456.066,192181168807.27856,7195238779154.346
7196,70827159990176.02,124219241968.97217,4629261643956.515
7197,55988057855506.74,169255831068.33252,3531924075501.182
7198,29264956414665.254,258362028915.0166,3779458878484.298
7199,22193761498754.902,292496243276.3237,4134365316524.104
7200,26638099347020.37,235828212462.2351,5488369858778.594
7201,29932032563867.723,259058100258.39917,3738988258656.5117
7202,30548748130045.145,232971260697.94556,4899543180796.031
7203,26899759405812.836,210362351116.1328,7380550127758.309
7204,48273697346087.47,142481082430.53638,6010281121617.138
7205,34051108648523.176,270463219840.46802,3023033816013.1235
7206,65483049134345.195,129944961869.75513,4704217619040.271
7207,41239588666060.234,163434247013.4038,6160923333634.373
7208,41758005536729.01,141478060912.60083,7516445691950.877
7209,55449192833758.02,130859062525.28003,5815912421425.6
7210,56328016058560.95,164009330943.02148,3642668332081.2715
7211,35930709028292.33,188461164310.3943,5747004280604.01
7212,28817958599228.91,256045600081.98853,3950214563046.7754
7213,42339804278173.7,202647529047.9707,3802349288622.147
7214,30231973752300.0,225554189904.08374,5400347354254.46
7215,31678251472124.73,196739004749.4143,6167556809225.059
7216,22815192889825.664,272944062417.47852,4847441016253.248
7217,43093118026794.91,202142814076.35107,3848784102840.776
7218,58790705750158.41,159966168394.96582,3575069560318.1206
7219,45188980599478.875,233893561259.90112,2811152457652.4473
7220,44752481304943.445,160409682244.3733,5399942762695.357
7221,28254527919480.26,245231930456.2815,4927742758452.465
7222,32601316762019.03,198045773000.8662,5943370491253.037
7223,26756564667902.137,194923206244.99805,8369955447938.451
7224,34879414236266.688,172505286965.56226,7079031835957.541
7225,24056968082043.543,315631187991.9475,3581942794335.362
7226,37476861234170.7,186038381964.95508,5450110825279.671
7227,56282171314039.66,159153981931.3894,3903510908513.1504
7228,44659807518587.516,241913965047.66406,2711272140684.5913
7229,52162292223298.984,158154039860.1985,4387590234805.638
7230,37771493936122.42,193608438628.86304,5169205705807.762
7231,36149898316791.93,207450166743.3423,4866984597484.903
7232,55335430678060.984,142602132919.4563,4805229979557.897
7233,25413609407250.57,259004858822.0664,5101164448289.91
7234,27194835052537.383,314924657090.7998,3038713291402.6504
7235,61504104519408.32,151175164770.4436,3590253777297.3833
7236,47490419953975.25,169078847523.35913,4391604253959.5293
7237,56886193065268.56,140432170183.27368,4547201557427.151
7238,45448661970445.08,152215034557.2942,5983901527414.449
7239,30100288294280.87,197180397806.2766,6595037495754.329
7240,36751766669716.62,184956336242.79004,5509699330627.788
7241,27465625633153.26,217476300738.97485,6414266128716.699
7242,64130872067824.266,122247178930.45288,5520813686425.086
7243,38330639826945.16,184626035752.9602,5331693362770.967
7244,33875569198406.906,186012823053.51562,6472039237441.755
7245,26818424534004.57,241175349206.21753,5237667195445.324
7246,35565914650606.31,201437886651.13696,5194318247545.832
7247,25278045565333.312,242179662018.52563,5631254292937.49
7248,27589621534293.043,193283574653.0581,8255266136259.646
7249,39092006028610.72,192164949689.44507,4655625716876.65
7250,28227176776846.15,236163832030.2395,5258716078721.207
7251,55927305589676.92,156792914570.34058,4040838162565.4097
7252,41884742775533.95,197170905413.30493,4027109116245.179
7253,47243695429775.64,153615082977.3623,5238076207664.586
7254,32240922350118.05,215568393001.50586,5344757807750.684
7255,22543012210316.21,282552876726.25806,4821495210958.985
7256,47370936998284.28,214458073015.9568,2922595891007.8022
7257,73405611170697.33,147742587468.8694,3416175815127.265
7258,21961468912769.5,261190138758.60962,5951551597601.318
7259,33585723514273.145,239753640215.75195,3803108217036.4395
7260,34075770552244.4,212719321946.4226,5102953268098.242
7261,63373667506583.164,134474294018.88013,3964409632361.4526
7262,43523067023577.234,191815539613.64282,4084733100002.5273
7263,37894158249552.84,198386124883.92163,4773859682659.86
7264,22707371055916.08,290462699921.63257,4598312983212.036
7265,28912226170636.45,231044300098.3423,5357471591327.881
7266,53619174678118.555,142139642053.86963,5381380737306.263
7267,28237651265197.652,286058694694.35596,3206465581736.938
7268,43711997349175.96,256244456622.6997,2464405794960.0723
7269,36531327259948.71,222022796561.8025,3947527615750.9517
7270,55127762261746.47,126527125958.72046,6567923774577.267
7271,44153161215112.95,168636673296.95312,4911763537882.701
7272,40186158828436.414,182519599062.28613,5057981614015.834
7273,24398716572343.016,232006795803.7561,6771454689674.451
7274,22318460131548.547,251685927325.6819,6050980524376.659
7275,24776139045911.984,296652029865.301,3861894994900.3716
7276,33244464877410.38,325790908440.83984,2599054978239.8154
7277,29673530476746.92,298675787495.7141,3059655657084.1426
7278,74306259289144.73,115364463643.62793,4611584711963.329
7279,25048116647051.85,223008458931.43726,6925434357902.871
7280,44435955746017.7,160801181013.0183,5409707530669.005
7281,33525201951379.848,254311947119.18872,3479074962935.509
7282,25865812384782.156,238523388901.14526,5628773262766.204
7283,57221342533701.1,211451673355.78833,2357242588358.2983
7284,45346991430820.86,199539621476.4673,3449840015030.783
7285,40323803295015.34,210742032425.68042,3782359819909.8877
7286,58499190101886.445,153560118219.7478,3883662086717.852
7287,32965188937238.305,203083001322.21973,5772220008886.411
7288,44023710164561.36,195591255172.79858,3891080105238.0757
7289,58268349384721.22,140595794547.90796,4322665895455.3022
7290,60891302952023.86,134095534999.56665,4901650476914.712
7291,47368865346333.32,184626028163.4082,3896129953770.4204
7292,37641241183671.664,229307601158.8623,3646035818365.1943
7293,34952879705271.785,211202778356.90503,4618971766228.442
7294,31046737373070.36,237254345876.4402,4601646051534.02
7295,37786532924563.336,216599603210.22314,3964519653670.08
7296,33685892515912.938,232028436310.21826,3860487228810.4917
7297,31385294942772.754,269304953753.09546,3412813856456.387
7298,31804518238464.156,246173414756.34937,3918096227850.415
7299,51683928393514.08,156709082458.50684,4524572000866.38
7300,38184187978529.375,242030269806.54004,3088030495528.8027
7301,40018563545276.6,181963359202.34937,5117700925912.087
7302,38942833723579.98,231847904902.54346,3230474238619.609
7303,30451559433366.617,212061113228.22534,5790970410875.942
7304,29865764501583.242,197914899640.69653,6532028122249.717
7305,32384831752097.43,251129841284.5935,3758188315756.5454
7306,44193613710893.59,175327980507.88452,4608580355714.701
7307,36836909517791.96,255544674902.73584,3031204636501.35
7308,45528920498478.83,159318759389.96655,5211100514075.563
7309,53497368130727.89,151978947479.69263,4403370045448.049
7310,26675500345010.605,233706180973.0713,5651117097777.128
7311,46054953492089.69,162704954883.94946,4736391940541.886
7312,41373286896393.46,215105361773.511,3634147884785.129
7313,44651156411296.25,149903676492.2776,6201818147187.503
7314,28023327469688.06,206484512428.42554,6489229336131.8125
7315,28781034447694.652,224463354056.97412,5550274133707.779
7316,54648066848205.06,130214535868.20898,5936533800198.075
7317,62443998213339.13,153668032085.6692,3498566814200.7603
7318,29787624378082.402,177844778525.8479,8870414269710.756
7319,32330045442297.19,220086129270.635,5062371402116.988
7320,36192846749759.055,227802726128.23608,3935714227846.676
7321,52610165692865.31,229010051012.75732,2481372996783.7075
7322,30540623307942.715,232199245134.01123,4983477092205.268
7323,23780434270132.742,233365077905.6377,6789100514905.343
7324,38252287557697.57,189516027028.1223,5144819833490.571
7325,53604422056254.625,150704027494.98145,4476641374267.229
7326,33358602704043.492,186245221070.43262,6264833944479.402
7327,55822415332814.72,178903364865.3523,3087158833788.695
7328,56033773596677.93,176072747268.54663,3102706518680.412
7329,45403194036988.13,165048732231.60034,4868460193910.904
7330,43475016505286.31,159944060073.29248,5571783411392.291
7331,27335421176036.277,247198728286.97095,4929650774656.573
7332,58578496617892.695,159061364234.80005,3666481812747.114
7333,61995755471875.77,137005494228.65186,4092214996746.0923
7334,38694276716669.66,172991353476.10693,6221841049283.489
7335,29123760413568.33,233426838017.0652,5095360231121.218
7336,51714119756270.88,157347180407.39722,4469102180507.355
7337,57401273007380.3,147653768253.32202,4183455019006.065
7338,38700491449609.84,265569994663.59863,2514980862435.9946
7339,67162793790371.44,121987123447.53638,5072049490845.066
7340,39214404370587.195,205169944506.94604,4227194467151.894
7341,56314924787071.18,142560016394.41577,4554491394068.782
7342,42551251969249.14,220417276868.67603,3326139889834.591
7343,35054743048348.457,205687158616.66748,5182695525542.287
7344,59172029561663.11,153299231153.8728,3740758969108.769
7345,46217574137086.74,146214164346.66772,6036605941095.678
7346,37499845741584.14,184007981967.5354,5462647829067.572
7347,51781854507721.04,185070401553.8081,3283564911528.044
7348,30673672257140.836,225839782430.06665,5305226369998.437
7349,29760036635718.32,204357588002.18652,6276686232135.355
7350,28701084198085.145,258097274599.88843,3982437405696.1543
7351,66851593511104.586,122651939232.81958,4968862386800.172
7352,41752502403057.8,164142897105.71216,5815311245763.801
7353,46285516092881.875,173675091736.36914,4349000446447.4883
7354,43210026539690.99,169151687193.42358,5258264133986.2
7355,45169262106564.41,196885784901.15674,3535817401156.5005
7356,44909061837182.29,201042186218.67944,3514533826409.0327
7357,52359179389592.9,164948190495.43457,4051982132885.744
7358,33384146348000.11,255159020269.18872,3447042301102.4897
7359,32055885504327.082,209136638803.6775,5691964175956.428
7360,53383161363422.3,133755058238.67773,5898427113035.453
7361,48808023058811.54,192844008698.84546,3408719489007.7417
7362,28704760724613.82,193672233446.9541,7090137380973.939
7363,48532037970786.0,229184850869.17017,2640474662784.8896
7364,45922247432000.3,203532044456.9751,3322950099323.272
7365,36769437180417.29,189577566434.7771,5471669818039.899
7366,27005000424278.44,266380969392.01172,4152046024864.6665
7367,37235049566996.63,180391641782.40747,5735436016197.097
7368,19404760218401.668,318637857105.5117,5107927058796.38
7369,37442865216287.69,200706341918.36035,4641678078394.317
7370,29248314755443.22,239447364340.84937,5013672977774.002
7371,41015249834508.05,205346401933.88135,3941064547211.437
7372,41858255140755.875,199596375221.40308,4047084799324.1016
7373,30988231612568.414,221144856845.73413,5316294663349.212
7374,32141185639205.176,205573944074.40942,5780859401563.045
7375,40919685926546.72,206346310661.25073,3924454178383.9287
7376,54888714300076.91,145876429568.28394,4507345829248.216
7377,34981852240314.15,310690594800.272,2605761372748.1904
7378,33746680566957.78,183650086914.8855,6480320265264.825
7379,43292413116658.76,154630320673.9607,6239647797822.764
7380,38133991430177.43,182472306759.09766,5527952683125.448
7381,43950333546020.07,166473134796.34058,5319204305980.854
7382,35892577736992.04,260480168299.54346,3036940369719.8984
7383,30702164012805.812,231525184898.82007,5000488895742.648
7384,38941992294835.85,242211730139.14453,3083845518523.8047
7385,27656892721834.2,306119504114.2649,3114186724925.214
7386,38901402313061.64,172919307535.59766,5806232495521.29
7387,27749164407347.52,305618738575.0344,3140292974696.228
7388,57977613162716.73,165845590902.94116,3389115542787.21
7389,43628560810047.3,168389814488.2827,5133825324110.944
7390,28605793119487.812,239858550240.96362,5164488390560.646
7391,48303262524069.21,179001765612.20142,3840535380174.3276
7392,24161259154564.914,231961240550.7561,7022845823236.009
7393,42083611033205.375,222148280210.39526,3296929749690.9487
7394,40049920147231.76,235131538096.44165,3075393189883.124
7395,35385436433098.586,205156287132.84546,5132401617217.2295
7396,39622001583695.92,188608141077.67554,4826898030313.681
7397,39065713271302.125,172014712823.77344,6080369650290.909
7398,38202812049164.484,238816346592.74365,3286540621097.6963
7399,47202907193647.41,178675420902.29663,4141141190600.158
7400,33066952727264.996,257467498559.1228,3529354096770.62
7401,40072747445111.28,221430353243.61572,3430375594546.978
7402,27622064730356.97,212676780971.0786,6613270207919.789
7403,41087263445904.44,229591613259.24048,3179684511013.2354
7404,54479642959337.54,189735149624.1931,3002962183804.519
7405,27797095244068.54,221386009303.72656,5971624384548.092
7406,32336498300141.035,226552874808.3999,4807187615379.18
7407,46246376255837.945,149880891734.38965,5924736037076.653
7408,44866908037360.555,179597935928.34253,4351479510920.247
7409,53418442489160.42,150540173384.10107,4610211439336.169
7410,30322329869807.297,253730972033.01978,3794499822562.1562
7411,44391598356860.586,239558885832.49414,2747881519529.9995
7412,64318794211274.36,130990082101.67407,4774389018352.737
7413,52027385719262.414,155490954109.75366,4573038231416.492
7414,36812509667392.43,243598569154.09985,3378788820870.495
7415,68859893325304.59,119053128803.03394,5380484267656.592
7416,35932073132605.46,249473812477.635,3298515009783.327
7417,44346219332472.66,164226301991.01538,5286326717835.546
7418,44619570820977.09,286341097596.3699,2425043498050.3755
7419,42271995226610.836,145009471450.01416,7065946854962.641
7420,52861418296275.5,155281233152.97974,4333981197012.841
7421,53049939522781.25,153977331115.28687,4330223277036.4873
7422,57992785535850.34,142282627606.2981,4323061161514.6113
7423,36218988707217.58,199146909328.17383,5182665008243.64
7424,40334394310413.2,181530993478.2932,5020059043239.251
7425,41363088257714.13,211067266571.1643,3749340127620.233
7426,32366993290407.32,323065379330.9485,2728947522378.1245
7427,34844699464860.344,301058138683.32153,2704054456739.9443
7428,54319500773188.055,148607127016.70166,4543674506411.077
7429,39934258512841.73,180597973665.67725,5174080171571.943
7430,26129678225189.746,283299833503.32935,3885822978894.1997
7431,51176312425228.22,178921409615.87524,3561556062944.164
7432,54160103355291.984,170552619772.7312,3683124358510.5356
7433,35897473678625.875,210679474280.57544,4547699979478.754
7434,30518389146954.75,186630001191.39795,7175489297345.703
7435,33314865470561.043,170844309424.90942,7633157418008.931
7436,25906471503473.258,219422809295.43848,6894035841005.915
7437,42397620377888.35,153886577816.3628,6459629953835.122
7438,36837264966493.484,240805742814.7141,3443165044457.0645
7439,42656389565763.03,153362168294.3601,6446396949388.174
7440,22612387096735.305,284565287803.2761,4643538022429.887
7441,59695027784054.914,128688605948.85571,5573618556293.779
7442,44925819184274.234,160527960080.86108,5388874320729.45
7443,33208541098545.12,182056205167.23096,6691945296259.603
7444,22647863105530.547,279506850969.0388,4838087408851.272
7445,41491378486604.35,237327045785.23462,2876069661450.3047
7446,31598357874849.0,270151195915.24097,3291803168225.5693
7447,29149545132632.79,200348950445.0332,6535414593630.802
7448,31511029539628.855,227430741193.76953,5029951051425.867
7449,30659015705478.715,272309997513.063,3579318626519.0615
7450,45138479558204.8,197657303724.85913,3627771311325.722
7451,66151369259078.01,159294207029.83862,2982619001516.7676
7452,55099577250422.89,157999033682.77905,4050788976929.497
7453,40896771318783.93,171472233024.06152,5482878670587.368
7454,32225343531775.246,271493382489.75732,3228057803637.25
7455,34651443321839.652,288532553655.61743,2846669505162.4854
7456,40915664302611.445,177283696001.62817,5020994684657.324
7457,43694655200016.945,173448800534.6582,4762711194011.821
7458,44647841196750.664,172387066965.13843,4722720469519.442
7459,29017180946320.938,257369505869.0564,3841490516850.313
7460,37361057592652.37,202988233169.33423,4647615626972.605
7461,29784522920097.027,240847528306.7483,4638937486977.56
7462,29408388936087.23,195400542200.42017,6797327712431.589
7463,38439004696570.48,200299462843.74194,4499878006737.993
7464,36197767960964.12,237239785861.60767,3507519693836.924
7465,36584724913839.49,266086843522.1892,2823654471410.938
7466,26287726573058.92,282556959686.8025,3825552792086.6465
7467,39587032464344.8,189189510357.83105,4846877315383.87
7468,39496523983577.52,186686117764.406,4940466437343.512
7469,30845982196033.586,198632801121.63647,6372305202132.718
7470,25360153543649.297,238839779296.2776,5804829031875.288
7471,45728682176634.69,229470194017.7163,2831799254053.7964
7472,48786009040486.8,187602021698.5752,3610469454930.222
7473,39599610526123.87,209673488032.69922,4031986809999.949
7474,26802030649090.832,263026419991.14478,4636656208392.335
7475,22669088053561.465,284610852191.9226,4600412778824.065
7476,42933079877036.766,158041602933.4568,6113689969503.715
7477,41195098347801.74,167195595217.9851,6044066286697.669
7478,46020535526787.164,146940135028.49976,6085333478622.334
7479,41359352424047.46,166393837334.2683,5973259739318.733
7480,59710269656894.18,150521100812.2849,3829763715130.7744
7481,41396710190186.96,150258844572.38184,7057906295873.511
7482,40077029454572.234,214677748885.0769,3712497059878.811
7483,37698842429695.8,183110817407.00098,5643843486683.475
7484,41524671861916.33,163968198175.44507,5826098205567.615
7485,26225996250334.64,250216866172.4441,5197355288572.521
7486,46457826941655.9,188064029715.4768,3844413760838.103
7487,33746008386023.586,197617576258.93896,5855311843782.498
7488,34753303026559.832,254575810340.49194,3281261921333.9834
7489,44811150032871.96,161014458434.97485,5321410353976.68
7490,70888914136087.2,120985719529.72485,4900689425291.476
7491,39656588730300.93,228073747499.46118,3365481952766.729
7492,44308469151105.92,156181281476.82593,5575355861934.772
7493,27158706465276.89,260656485611.8274,4641362443259.62
7494,39392642187267.36,184845447268.9348,5121520602927.176
7495,32168883012369.89,182592858264.02002,6981069770699.325
7496,31366967086706.855,188854453424.64502,6741735102258.091
7497,42064102758970.3,150283593136.37402,6903272045079.832
7498,57941091066300.46,168261015557.52368,3306063556558.037
7499,42108636885225.78,226081594978.67456,3107848297189.9795
7500,24713753611994.203,235774539108.68335,6499862169522.727
7501,25250535141793.6,241618161050.6848,5676388298075.803
7502,33582362783505.715,217033927555.29492,5012725669120.01
7503,48368778789092.32,201730305034.70923,3272534187457.3364
7504,33834820249150.35,202895342430.2224,5377052270596.044
7505,62079613150512.625,124823962754.32495,5553702624971.24
7506,39598558501411.59,177670137047.00244,5424632625129.845
7507,33159623139869.746,196545246197.60205,6012049551577.865
7508,24252907459708.527,284347227482.3572,4209302267479.176
7509,24720049729420.293,329260372224.55347,3126256598996.0054
7510,70061908220296.72,116501471226.30664,5408940200492.806
7511,58313368880163.984,204570635194.09595,2543671249477.1396
7512,34844465258413.656,220971640570.292,4177577408624.348
7513,29949831764519.492,203483647056.9021,6267965509844.297
7514,27089776558840.71,270121245114.49902,3975661946449.208
7515,28572289935808.46,203484808742.40942,6604790861763.92
7516,22544869409470.336,282377650617.3081,4827238813138.501
7517,72559329725876.38,116342614585.09009,4932907121556.325
7518,53995000022457.25,149311179695.60522,4476208973675.789
7519,24074391509266.035,232190146397.53003,6818101189443.41
7520,34476986952264.76,179194821094.84692,6239608309009.168
7521,44206044314011.26,201956356802.52905,3653795242383.3237
7522,49142006997570.125,202625410924.0415,3091374630740.2163
7523,24523831496000.324,279153100183.3899,4258695514802.991
7524,29263460579393.703,258475925233.4773,3776003424369.0664
7525,34811587034115.332,245972506462.09888,3583860143398.893
7526,34005166746571.574,220614533895.60034,4414433236764.531
7527,50032139344723.32,163569550597.71533,4553645370156.863
7528,32940158473743.402,224100566931.29443,4885823128790.554
7529,24098736751802.742,309534013436.22974,3898259803578.4736
7530,22101702392537.336,279060675332.61646,5327894635685.701
7531,35665228735960.42,218185416290.28687,4195108067968.4453
7532,37895399803540.45,198228145839.98462,4776285419804.028
7533,44166407079362.54,142797105584.86548,7050084283365.839
7534,29536405468920.03,188369854276.69824,8418698798830.308
7535,24459556198439.375,240425490440.52783,5850169344073.363
7536,39456702557901.664,179583396799.36426,5336711350500.876
7537,50742813272330.14,191315388258.25024,3359983959057.605
7538,34389829896541.773,239404080267.1709,3705839296609.3164
7539,23410388769748.91,289989286668.823,4139179120945.162
7540,40634078065889.31,194698185177.81787,4225474527410.566
7541,47962722743289.555,181585053193.0708,3912528349551.976
7542,30841123635928.652,249615850653.52173,4065143326930.7017
7543,49568999811711.15,199893533271.60376,3062705704821.2773
7544,54980182314188.47,150696399333.39502,4253984958637.7163
7545,41596084027545.4,224703127711.38086,3192696826386.36
7546,52826742516593.88,137335160469.18408,5823245998940.136
7547,38284237634905.18,154487528085.68726,8423425528301.093
7548,24145331458185.008,286380099879.32495,4181922693233.2593
7549,45568121753072.63,244324008302.01562,2549411021878.292
7550,27162930437853.965,223520414553.13403,6009508753486.655
7551,34600989787645.773,179280028434.35083,6210314588071.086
7552,26867708027896.74,197190268052.38037,8150712432011.086
7553,21733950886117.527,294666368932.7908,4590903203356.024
7554,46500468365330.914,228785951318.92554,2727939049111.5425
7555,67987402630637.55,130105468984.26318,4373217947359.134
7556,55856314547092.91,174729243674.27783,3138614840927.7666
7557,25351383759000.664,222302531721.40698,7113204990734.312
7558,56616499439507.75,212203521120.91724,2424569411511.38
7559,30865651458854.9,197037443294.45825,6425485437856.162
7560,30482433520453.773,198686654204.90674,6288581597680.99
7561,31946190310170.18,244575036610.86865,3980632278460.2456
7562,43797032152015.25,175977655429.44116,4543221837252.619
7563,26999882676716.332,321071804294.8176,2961720660549.762
7564,28811949782019.406,231459657178.79346,5358819021859.55
7565,25568490260636.773,227909713999.5276,6681329370553.478
7566,33517800896456.312,243703655695.43237,3797804316493.0703
7567,29063714745282.355,299135878232.50024,3113943388574.7324
7568,27551300936120.164,250893353757.11548,4731703078222.539
7569,69305463562398.45,155651051270.4878,2883089123603.471
7570,47750397980239.15,287207667446.0603,2291864762242.3936
7571,57874529692683.586,159206525993.1223,3765523453517.2144
7572,33487838519444.895,181064051691.7256,6762356830104.598
7573,28613908759452.0,225532103245.13306,5675085982816.329
7574,27983129864107.1,313333551828.7219,2961056657169.2246
7575,38915002874149.01,201718838135.09546,4346900756380.602
7576,30847469203984.242,238232101972.89502,4618044996340.446
7577,42309201121077.06,225071195406.0808,3093317675369.8936
7578,44884241811157.414,162847611664.34253,5044233049547.421
7579,37926969133801.62,175427950669.97046,6264372592898.143
7580,22323336623073.96,288975065450.5242,4626422737357.352
7581,36274123316377.79,323783177858.5371,2522540744314.5786
7582,30301450960968.473,253757302960.45215,3777597722361.6313
7583,34102225519429.703,197949114256.6023,5814923314929.784
7584,32384939878352.363,289333917871.5637,2899313153082.3086
7585,42611302231350.664,246413385122.32593,2777542638368.476
7586,40565395425960.36,200428665051.31226,4197186674601.6006
7587,24909509017572.125,231743183082.45605,6400322548720.219
7588,59588695351661.05,126265412434.23901,5780581551763.13
7589,37911752360100.5,171722655583.886,6318700482404.933
7590,39282717130102.266,189635967934.42896,4946385306981.548
7591,23069867869413.965,244656802538.9026,6037350071338.345
7592,21906665407685.973,295275960169.7346,4458866367909.178
7593,41769392425609.92,204127192174.61353,3864893349197.626
7594,38305010483896.45,173714965744.70776,6295085485457.922
7595,43479969519301.15,163804248568.31763,5480889898039.627
7596,39814528043677.02,156208105154.50952,7055701069726.243
7597,51265149059162.91,171572432281.62988,3835637393400.92
7598,38321122568781.84,176075441334.37378,5669642746833.212
7599,33314733519182.895,205305867763.4319,5458911226825.817
7600,63086351640626.586,124035310628.66382,5375510739265.717
7601,37495749564374.36,198796048453.45776,4765175772052.229
7602,25407203280108.68,241036712121.792,5642453190893.863
7603,55769947995450.516,171886208272.29102,3304671695515.0464
7604,36286153732630.67,184308003616.43286,5978061658209.734
7605,26383613815439.105,252913032825.365,5150800807746.517
7606,41458962745095.08,160143662581.87402,6293945741430.542
7607,39885383074881.41,221596139528.10205,3601510513128.1436
7608,40179302005878.22,182976853922.41724,5085047449964.5205
7609,40042846826942.05,176117829181.6963,5406912440119.048
7610,26987229439809.566,309181059539.55835,3138940793040.903
7611,37720411749058.43,254350033465.74585,3016339332831.498
7612,36582796130659.39,270836283366.14624,2723668287470.5337
7613,24966623147425.047,314213693971.052,3428995704079.341
7614,58516738758674.83,151766973537.4265,3926731562033.732
7615,35903550547135.3,234122853573.6809,3715304307839.489
7616,26054337918671.836,264095013867.00903,4725543492441.691
7617,49026281071868.74,227873013303.97168,2609971722405.083
7618,37260886003881.8,240960889525.21875,3303863771723.0444
7619,37121259461698.13,239043054659.36157,3369581641272.3584
7620,35904959178600.31,162748611860.46582,7371914548141.109
7621,48943725817664.57,169045017362.3767,4236053343030.3296
7622,45826153188813.69,210492624877.54663,3227246452682.744
7623,45137980715611.734,178287558294.25293,4363888276733.6846
7624,45416314415180.66,151602627044.7661,6002695963860.554
7625,37863634644977.92,243825310313.16553,3051961129399.146
7626,25154107641614.715,212480587035.76392,7122426575852.955
7627,28449659447719.164,237068306903.11133,5219089356229.1045
7628,47010352128428.44,217793842479.937,2914541307367.454
7629,28712927533829.0,210706310777.64966,6254755693078.185
7630,45110006536726.37,313129735905.7947,2311811042270.665
7631,48899211727024.234,177993665782.63574,3861541205650.545
7632,44346068413130.46,197689395030.82617,3806946889342.683
7633,42653987733360.94,223549382911.2163,3158606311691.6025
7634,47509122873075.49,226536284849.2544,2722576306339.539
7635,27934109968933.254,236891829763.4839,5335170603881.364
7636,38143056014623.734,252011850181.5974,2923594239696.3394
7637,44941003416089.11,168039459380.89673,4770699291529.532
7638,37951158378923.01,187581846885.81152,5173753858824.432
7639,22468864145465.285,250482422111.5652,5796389377585.68
7640,50391763345390.53,161500849682.50342,4505524278303.708
7641,70325796023273.92,115291531430.6604,5440403467157.474
7642,53573843300526.43,186885202189.4021,3143726440066.4116
7643,30080039130482.6,282733825691.6023,3221363816470.614
7644,42666750770164.99,211393126928.98755,3478492843644.5977
7645,41657193986190.87,174396531933.15112,4994823577971.642
7646,27975117596445.363,235470228074.74854,5325296418007.08
7647,33999920757700.36,282081484652.5884,2916580649898.9995
7648,27294681766367.34,216996678100.04272,6516513448047.54
7649,38305679977881.055,190018413866.86987,5140093147506.4795
7650,40070851503769.69,207792435315.74487,4098802077620.6733
7651,32810249976247.254,209719400897.69946,5411508514239.433
7652,31975217395451.906,300185697492.30786,2809686238974.771
7653,42026229961373.65,169745106466.60034,5408096685460.858
7654,33381439113722.426,222654731415.96484,4392891408843.1562
7655,42588377883426.58,159316116150.82983,6176460327513.669
7656,61537397686127.13,135343958942.65259,4825035536560.837
7657,49711691080252.16,225129382716.9192,2562424879267.2974
7658,23241426220467.633,285694757341.8535,4516666208787.472
7659,59592672434995.12,148844840447.9214,3936864468772.2705
7660,48167036934208.72,237969748926.67358,2446945443598.62
7661,46128167891977.67,188352561316.33496,3936283696480.6953
7662,41195223827087.09,226891951110.84253,3215564652656.8936
7663,31884331971546.08,206472870863.0359,5785578851433.787
7664,24299368482030.613,248925583832.60522,5589162365237.002
7665,41599334055631.16,248376808077.5149,2789039849971.608
7666,60485917105855.09,150037896582.78833,3772007015600.574
7667,51105030941131.97,162387139204.3584,4347237613725.4746
7668,36224606682695.195,187621577502.33374,5650521229744.751
7669,31607101913149.594,205670689759.28882,5943187591361.085
7670,22181529033564.54,330471414498.9844,4268671694474.786
7671,55357821281159.13,167272972799.45605,3640153756107.1025
7672,37890055605955.055,198645088550.01538,4758732005150.323
7673,26237739784070.4,254361531691.3225,5136422258493.817
7674,36926077337574.25,200625222003.8059,4683208012985.875
7675,31423123157381.47,210376647918.5039,5535051142571.892
7676,26559627046756.71,319354550131.64355,2985958155631.4194
7677,43837695744803.95,202522469446.05444,3717557921736.4277
7678,61157542249723.31,181763387520.30127,2695235957209.037
7679,32785314577178.91,211716869288.9812,5375264701224.293
7680,27912159819992.883,244378166764.83594,5123574182722.377
7681,28015599514191.61,250559963855.2063,4642916890400.334
7682,40286351117373.234,190447112757.05957,4504134176667.297
7683,57223124186979.29,158096557183.13745,3766280019656.76
7684,52682491509693.5,162390449949.50757,4109541062339.232
7685,25477820109764.516,244293182123.02637,5524069409560.391
7686,44830890096433.5,233889332668.45044,2824632891073.634
7687,60452986244652.15,125811373988.68457,5710339841126.547
7688,61006823292005.4,126666978818.42749,5461007636059.825
7689,34844868814284.89,171896494358.04102,7207311355545.252
7690,52882195347681.32,265664800464.83667,2398556662488.151
7691,22595190938120.688,277213462411.2466,5345393596797.884
7692,47175891502637.266,222988600251.5459,2891529682123.2944
7693,30968887853593.08,181108556008.99194,8371443284110.904
7694,21313409239255.07,287413492842.5393,4900503352549.625
7695,46980011539875.09,155799152596.8767,5008414509673.839
7696,55890032062375.67,139493766383.02832,4923984023786.21
7697,24005183534799.508,267919257247.6189,4895373998982.284
7698,32633399130169.43,269391258036.2456,3095119534146.7544
7699,31335783468613.824,285914792377.78784,3069874291685.903
7700,25738693565305.297,271542447149.49707,4398273478767.559
7701,35792695748069.016,197999540478.30444,5389015268030.581
7702,42579209123903.12,217108253427.10547,3422442618880.2056
7703,42083584990007.74,140626877750.01245,7420248194725.075
7704,47120623393957.54,161568452372.1577,4866648736304.22
7705,21968324799746.18,273966823449.6377,5634712252118.584
7706,40119864066535.586,183623672186.6621,5051859578358.314
7707,25181011212556.387,239192344802.22437,5902667366273.49
7708,22769021505859.562,246132939215.69482,6066522881430.136
7709,53287399456065.48,222520048213.9624,2537735837681.439
7710,28444417118462.137,211475842899.43335,6071368371870.445
7711,29696019057987.125,217466236368.68945,5778177363369.772
7712,31402749681703.367,269055665776.87573,3498546928252.614
7713,53008564831509.39,137102914672.30078,5820397689697.438
7714,64676269686097.8,130724375552.2395,3914630004783.7236
7715,31772693072628.926,229499017970.2932,4950673512853.608
7716,57563719363762.14,169096219963.2732,3166554358407.5503
7717,50795670979014.97,163467194435.05054,4468500853127.006
7718,43734724456012.36,182175390361.3672,4450960429896.366
7719,29840430371480.055,207533593773.62524,5937339570841.6
7720,34334861784731.65,172255552565.3225,7202050218943.329
7721,39438414559403.97,178006820052.92065,5398486443207.872
7722,38257787755001.92,179514974615.67773,5680491192117.037
7723,37835853892577.84,175512572284.8203,6258881338965.177
7724,33871361797743.156,245579871430.0774,3621532258687.214
7725,34336270566394.152,253319152960.4265,3423897339015.7515
7726,34106471874039.84,169831558998.70288,7571371500181.105
7727,27463289008523.574,272156108313.6836,3752788492947.5693
7728,43996882720821.305,153697211760.03687,6111981341090.21
7729,46102036962779.55,161990493578.0017,4922658121159.34
7730,35927491934428.805,199517633309.20776,5138976215029.416
7731,49015649047367.914,171271804487.72974,4095236489752.5073
7732,36347649747184.85,207984068329.31348,4637601475276.212
7733,28705581783143.46,230339225337.96826,5461676187324.336
7734,44833705237068.445,193508608248.3474,3852661074271.0044
7735,47321343535785.85,215341213978.0188,2899796990801.4785
7736,23720809661918.83,322292962149.1548,3394445097497.8677
7737,61903327757152.67,155025277924.98242,3305958390095.448
7738,46957091623741.945,156029136787.25903,5107942479680.309
7739,26095952157808.965,196873527367.96558,8332740604974.734
7740,27473073988361.03,312121121229.5029,3102813535068.2534
7741,45102245437590.836,208652572378.4358,3243769927079.022
7742,43597270129196.17,160906510202.1726,5451878262702.431
7743,42939757446981.63,193550207631.87524,4170907499844.7236
7744,37808668085424.555,165162470492.91797,6554196811475.545
7745,40775113253087.38,164441213756.79272,6053949674390.453
7746,28710066473791.594,222758140227.1919,5812603138361.245
7747,30822309457660.35,205658969843.4226,6019787396921.873
7748,48610636608202.22,195262721737.10132,3213336416738.2114
7749,36562554730038.13,221089282134.5166,4096298834979.7236
7750,25708733921613.848,290493143121.5029,3662685906526.7163
7751,37979666824306.766,164893346573.30444,6589908578537.115
7752,37183764443431.72,234833130541.7771,3534430133087.7
7753,32992280943886.375,215887563078.73828,5119965432839.548
7754,22118419515037.65,257345091542.7522,5621514996551.217
7755,32082681660289.46,229024656445.19043,4929025795711.05
7756,44741882474283.38,165392413636.13232,5043453497220.705
7757,40501530388558.9,212147187223.45532,3641612931709.1294
7758,46328488658644.06,304305968571.41504,2242100581220.7983
7759,42076303632780.81,170294336522.66138,5140596967833.413
7760,24860616597507.67,231032751119.49658,6693800369105.517
7761,27821511369236.375,206682804916.29175,7228196599640.145
7762,29836675776650.96,239689811474.84546,4679594078611.714
7763,39117862789513.336,199042211159.4895,4283675491721.342
7764,58856134880412.57,150748054293.56934,3942213034141.83
7765,31921029618831.91,220047907296.91284,5186301184104.018
7766,21774651608908.695,279094920972.7009,5435689738380.988
7767,26930120667048.727,230768847724.2859,5894939561778.6045
7768,42801248355558.15,218390887745.636,3278868429808.441
7769,28178182033127.133,306837795938.63306,2974511596267.4087
7770,26009626204155.594,231418066425.24634,6207111710311.355
7771,57094771282145.31,139408588217.36523,4537893434689.607
7772,48728185839206.19,228138806718.51343,2645239990477.5493
7773,27334847581435.18,248290605860.62622,4845896561606.538
7774,23799966675497.59,279974142255.8386,4694972708627.394
7775,56076592771809.4,155823882489.0017,4049370306167.7837
7776,55209846489375.445,160691966023.8191,4002057320886.5015
7777,22359474835756.242,280285548219.16846,4849803784922.621
7778,43602098596361.95,201679466268.51855,3815126986928.918
7779,27315645627209.918,227268774167.0171,5891090155640.731
7780,29891383188766.7,198332605280.94336,6496244544354.679
7781,48786586301995.03,181638775369.62622,3788329062688.202
7782,43903153960115.0,200349046048.91724,3694143787724.3687
7783,44390378171212.58,174067595691.44507,4590069078130.114
7784,25569044788548.203,237921327088.03198,5819903624382.547
7785,32510950954236.32,204535862008.42505,5789877905565.74
7786,51951827828716.56,153140383144.1765,4610273306454.099
7787,46289652353557.14,209086756200.50317,3178663306628.0186
7788,25347928185954.586,252898770564.62476,5326986083372.752
7789,29250025129390.023,186250041816.8164,8539292587265.451
7790,31761749634984.617,230866753962.81396,4597039948187.324
7791,48073474338698.42,143251732695.20215,5878241467847.264
7792,31191660610303.016,196214111483.48096,6487409672385.186
7793,22020628706850.824,294135491882.96436,4576819095924.907
7794,34978058245844.582,222090728441.70972,4174679870185.7397
7795,46571593078359.51,211650396822.4685,2935139169272.2627
7796,40660589521250.91,207085554646.64185,4027223505358.577
7797,43939708878829.7,249314423964.3562,2569293291765.181
7798,54941833166635.266,195543659148.00122,2814613011506.995
7799,25419512115828.83,255730752103.71143,5272771258287.763
7800,28694792273871.133,190140828454.59277,8001487223730.852
7801,34114534404831.355,241477636007.5891,3752480402361.2266
7802,38829305205602.164,223680996616.8313,3674877712555.3267
7803,54019787857157.27,158200928655.8557,4040593434917.7393
7804,32341463256827.78,211493607655.5332,5432697746027.0205
7805,40999121523923.24,184177182250.72827,4873432236702.774
7806,43448388064611.51,223003369129.8523,3161930113935.185
7807,25613324796336.21,243052512612.8728,5585175406659.773
7808,42174591029916.29,162697631095.32837,5762724694155.382
7809,23339815437905.523,246437341409.11987,5990986515130.114
7810,55108090599793.14,153811710995.0857,4185356844426.747
7811,66270733541716.086,175286444265.2058,2776483876387.233
7812,27547790656622.96,232516216733.19556,5536913745999.156
7813,24856826698616.914,261779908309.47437,5096287467352.061
7814,24633123290346.56,270301652155.9673,4758182922976.369
7815,34359136000627.84,168292555296.70093,7357390754872.691
7816,40647349540000.08,296461499148.5349,2496632693178.286
7817,44415979119767.59,152626263229.927,6153518328215.398
7818,27529705411329.27,284073846707.9275,3693101512785.132
7819,28850315640564.1,223755572957.0708,5550274848984.303
7820,23487144119061.656,270873092346.3994,4896975224027.375
7821,70643801902394.31,120855812551.86646,4905004120839.955
7822,42108724937569.61,225920895903.07886,3109362412859.744
7823,22819563889498.965,272573934283.74146,4858033965332.925
7824,46368168081894.61,224971955046.09814,2911066623685.021
7825,23497568672424.453,269796386120.31445,4940916815926.566
7826,49151773512334.44,177762958741.54834,3922563486564.971
7827,56553475877452.58,176061581467.3562,3043745786686.0728
7828,52905703248733.7,219373909818.2937,2551966668519.456
7829,54059868347382.125,148196123702.16284,4592152045083.293
7830,44910813357206.836,157106252652.0708,5511611887668.638
7831,26756160770786.5,286035125367.6018,3701750878180.632
7832,65997972572424.56,129346130286.6482,4617554994957.286
7833,72183468993272.72,122657096850.87256,4576619935220.669
7834,61869649254941.19,136748171961.78955,4739170718502.521
7835,43174403986882.53,216201411244.14258,3279816221114.323
7836,34775291678882.484,195896424042.77612,5655698940641.007
7837,22566226417640.992,247853777225.9956,6064392735709.516
7838,23346039929874.113,308193658145.53735,3962544688541.3706
7839,48404218626676.53,283002468821.0696,2309725591531.37
7840,23406156883175.14,272344752498.98853,4868327622474.175
7841,25160756118908.555,325092409555.22656,3091192246813.561
7842,26658544820627.766,212688137397.35425,6835694916483.538
7843,26489570103744.434,237271180504.13672,5616470921210.954
7844,24930089560125.023,314829235905.99365,3410370913332.361
7845,26752501799861.58,195267242364.39136,8360109243983.333
7846,42903446602582.7,181276984468.89722,4660683475952.54
7847,31885240300635.21,205697687634.81323,5797562384434.112
7848,44561471148081.75,292196387792.1389,2429074719445.57
7849,21689152755253.85,343436026139.7141,4316050989123.4937
7850,45406894142024.63,283718867432.4314,2364634922899.7183
7851,21638656497275.32,327432431553.334,4352324893308.518
7852,32927599155313.695,224781617610.3518,4606674415108.524
7853,30038381719195.42,293937258781.05884,3164284225067.51
7854,64431179240380.87,133291129601.76196,3914627659667.3047
7855,33494841359923.945,175354391637.6433,6870805916198.288
7856,28355077423407.633,234807481632.00537,5330406616251.28
7857,44640615088188.14,185603926911.1018,4214712810525.257
7858,36849052820122.08,179998232710.02856,5873145127339.219
7859,38073832164428.07,159218001167.33057,8021886108118.149
7860,26333774522493.68,239428337771.4436,5460479475757.966
7861,28719620894357.28,301638156039.19385,3110760837935.4785
7862,46305447728188.77,186634625388.41138,3931462738866.8677
7863,46372095860481.26,191551695894.94507,3794333693829.9365
7864,47511537838882.43,172663626229.20044,4198304226436.074
7865,26055615060916.29,263979802891.7141,4728900459662.383
7866,37950179788698.41,227725808672.22876,3577696938110.873
7867,33227148734907.688,324412355471.81274,2651007951950.4253
7868,36686648762769.49,179384952263.71167,5962089090852.062
7869,24467106978464.098,239687597578.01465,5868036530980.641
7870,32345599487681.33,213000099137.60205,5244661180867.949
7871,39610365625097.445,190605744899.76685,4699508730407.514
7872,55598759865664.49,165654935560.05103,3638267039517.2095
7873,42201873246963.68,220142905997.5437,3417672356360.629
7874,32012840735709.45,214181387955.6267,5424589738616.847
7875,58061750888863.164,171321006571.8982,2979851329475.148
7876,72758723373089.83,128491260595.73267,4117964429818.325
7877,30142114541840.207,277763056274.7241,3440787903100.932
7878,39008709580507.33,190750582031.41797,4892672114954.449
7879,28246658010769.094,285057852409.895,3251102753015.684
7880,47752308722942.19,199166917364.86572,3304887649126.6514
7881,42969695251965.84,201537864589.39233,3869790033290.1904
7882,38044469435682.83,243785539641.489,3142651785669.238
7883,34868031989919.195,309704271480.77295,2703332978732.892
7884,26676562424234.594,207545748504.7417,7960619305277.86
7885,25617624317188.402,221831989150.29834,6909470878864.442
7886,72812934192140.27,113426513162.9978,4992734895978.771
7887,21144228349314.83,300346184295.63696,4561553060545.101
7888,25504883687027.99,260499445840.35083,5004211820897.761
7889,42316388109703.49,150793341409.32227,6877669244369.422
7890,27830857844333.383,301891678550.83936,3232869399403.472
7891,47758029402887.79,148687183517.615,5356586590831.409
7892,26880690270123.125,255761481986.02734,4726229207188.652
7893,49133782864492.53,177946163958.42822,3935298075691.771
7894,27227786392723.78,209043608033.25464,6854213244668.98
7895,45866403890809.01,147711789825.37183,6055930177965.615
7896,59161955418024.96,150221397640.8191,3876525095143.681
7897,29775281326841.82,203527042287.54004,6187958387685.145
7898,38092183320663.69,242159952409.46948,3133810098585.143
7899,45089117277705.78,243312112022.49316,2627343674828.917
7900,28346675023537.49,232858569808.76807,5381210658678.452
7901,23896799009325.387,325274493585.03687,3181113742384.9663
7902,52591527579548.7,190903350309.3723,3129354589705.0396
7903,61408911959129.61,142711480497.39722,3978714898151.371
7904,41289451862267.28,205993228630.05298,3776191280099.743
7905,37283784770455.05,165077832585.37817,6746293014630.269
7906,50486052748398.68,166810588166.15015,4118150119214.319
7907,46161648006624.55,239919724382.38208,2533364940253.011
7908,50710687473543.08,167048959392.26245,4059923599403.4014
7909,30974060675123.875,207356714519.66187,5906961606773.113
7910,53767704419036.805,204025645895.4939,2642137469849.0986
7911,32196392241418.49,224743246084.94214,4977255262670.97
7912,40828110121143.46,152197973995.60986,7037918867132.02
7913,57068930390421.13,218347249537.28857,2402774810855.1553
7914,46107700394969.22,226356937934.68823,2926810088048.0312
7915,33845934402395.918,203941960033.636,5253108560293.208
7916,68945560733260.664,156929225053.92114,2883180574636.553
7917,28237610488943.906,300733036712.84644,3211523971055.7305
7918,59563733541692.27,204454084960.7932,2475078458590.736
7919,62318653073257.93,160704505753.65063,3277802078664.038
7920,35744063845604.695,163080244744.84766,7426803486085.664
7921,37954405224054.875,197452165020.60815,4797845656194.951
7922,55599156987706.94,217467327249.54858,2454248939014.6616
7923,27873135533089.82,282662613813.4304,3494152577318.8447
7924,47530153770454.32,189134425844.36255,3662312585336.6855
7925,46569787653251.53,177429509981.91284,4158962838680.686
7926,51986359748056.484,204159426984.25684,2913159096382.183
7927,32067362228277.67,229219129305.66626,4801243262013.675
7928,22553375427196.656,264236792080.0769,5552611143510.288
7929,55688515277732.72,137595200152.02417,5234444514343.0625
7930,40424244629343.4,151503639128.198,7210554984974.76
7931,31871042429227.43,211579379251.7229,5468082716106.816
7932,58828231316118.375,144442868501.48364,4138745910254.7544
7933,27004732038440.812,261100025161.15625,4699127180631.451
7934,37770955047646.47,173733909409.85938,6347881419234.902
7935,65023898133668.48,124206845373.97241,5184989024638.768
7936,50159214575759.92,188514721889.90454,3436876973411.7476
7937,23408099503109.96,262751860279.58447,5366919152107.287
7938,36079615398863.82,282688352268.6399,2861396438668.1914
7939,37266413825877.89,236689532781.7671,3468469350398.095
7940,30425644014424.74,218011790721.6931,5440200855901.38
7941,32003637701422.51,242891992102.98682,3939503669070.4185
7942,46228709260066.016,189270598277.27344,3835856651344.9546
7943,24044787438945.32,280399824278.9082,4603156622782.405
7944,39348458830678.56,191643720692.0813,4543067080311.307
7945,35042116699066.25,229655591209.12695,3895914541770.9653
7946,41170010216612.23,199341083071.2522,4108760053235.4316
7947,22713069809130.023,300267244433.8406,4110708831288.262
7948,48598917516638.17,178260044485.9287,3978518888524.158
7949,40141421772015.45,176081066136.1062,5492704833577.639
7950,33632260495666.31,254464724329.8186,3401177176454.153
7951,49734482620624.58,146555630368.8401,4990505166501.645
7952,36367482639630.4,250999033609.27393,3130070826703.1143
7953,53428392251020.695,156276526695.53735,4251124552625.2607
7954,33923570680742.777,211867399195.11304,5138580718318.541
7955,55706277409512.06,142776485164.34375,4661926929747.331
7956,47588294561706.09,184377228634.00122,3770377871370.0464
7957,31135320701222.125,187219125285.81665,6837529302388.255
7958,27467696859767.203,245188410434.20825,5138115701253.044
7959,54320374924603.086,171256057721.40552,3636697520373.4863
7960,30074452583353.18,276957571653.3369,3474770892707.416
7961,23425608333920.44,228554581489.31958,7260788892150.252
7962,37123602475476.02,205791948036.91455,4290430447546.791
7963,42820527465677.88,167419751309.17505,5347074689753.435
7964,60542499038180.266,147410424400.90698,3843924836687.7485
7965,46511196628654.28,189785776241.9431,3794438733286.731
7966,39545486124751.47,178592417867.71997,5360294177622.169
7967,46806282016255.92,170662537732.865,4450688928847.581
7968,33299109328514.832,209723787004.28296,5276922605611.835
7969,41610437346697.83,166857280360.24707,5550173729489.246
7970,25461728075118.613,251921419622.86523,5299550686391.229
7971,44814541323598.54,232622477028.88892,2859425729675.1997
7972,32569293378086.867,195771448463.9148,6123109071535.724
7973,35185218654468.57,166330913686.458,6861945343926.966
7974,35811914391913.234,213017737163.2412,4549819807857.6875
7975,43581030376638.72,184267141725.32642,4449398224773.553
7976,28150438253195.895,311532742540.6362,2942698624128.1665
7977,32476542961018.992,267237793476.0442,3145648124692.9507
7978,32672031567600.85,204149894974.34985,5825443546302.505
7979,56763345840688.93,144939084598.24146,4253561274633.961
7980,30202517597409.18,199746216897.3921,6375341487474.01
7981,51021967037642.31,179936920393.93774,3567504606020.9785
7982,29717432512519.72,238521739787.6328,4821884656392.512
7983,23339425829348.785,271357614370.5874,4909395209027.014
7984,47503162016658.06,191724627561.93555,3651683219950.149
7985,23326222320802.527,258110603117.02246,5487204785196.628
7986,60210661116543.11,202710077082.10376,2472123669443.9053
7987,30233907209281.04,224319664420.61987,5357222269099.3
7988,61892589463998.5,150756568729.0686,3568128071829.015
7989,35512647100042.92,213429405893.4104,4494162204849.579
7990,35008980718567.652,196428066109.78125,5625021620914.096
7991,37795752491475.92,174746637759.91675,6340644769379.634
7992,54321672974312.4,163873703816.65894,3908091186420.158
7993,51067225971288.016,192485729118.47925,3239551440915.1973
7994,34028298407142.42,215372741217.72412,4751760750881.765
7995,42874073377217.49,157455026705.08252,6268030917416.211
7996,58178029297041.92,172339880619.90405,2912602418112.8647
7997,32270096280410.066,279594094877.8323,3047536820406.2144
7998,35591640824530.81,173242519209.4729,6699815268884.941
7999,40445961626829.0,237061501303.28906,2950013008385.109
8000,53962882023457.71,175681899816.56177,3515901712607.715
8001,22565108731255.7,284992066165.8533,4643037424725.101
8002,45086929361607.586,156252068134.9214,5424526202550.4795
8003,68880533157096.18,127606338339.53442,4476705648272.528
8004,30345317753988.688,220305330344.3777,5411586308628.19
8005,45472068399130.78,166272153072.37158,4789392169703.33
8006,51911057147708.96,163412644832.24,4239963040407.5566
8007,37381866467886.89,191862813232.22632,5184460622579.028
8008,28820534917726.96,187911031134.2798,8625476915206.932
8009,47818416365291.086,181994903039.95312,3918149024500.4146
8010,48061603929455.12,187997435100.0244,3671873932181.303
8011,30176632933990.035,184664254955.10376,7712058334633.188
8012,30375978128693.938,213207980734.4751,5697332052462.768
8013,32926643917711.766,198926343742.30347,5832150948381.464
8014,57045951337142.3,166893278905.79858,3501084844971.442
8015,57889311112083.0,143645491869.72314,4325164376465.6353
8016,70038306693219.66,126148442128.72876,4601235132628.196
8017,23741421076151.785,242216819115.8313,6087221840262.434
8018,28238206956482.508,263195932008.76953,3694537425599.265
8019,34004072808541.203,187305003960.0017,6149915911496.072
8020,36861594380156.266,202114167654.9358,4721333874983.0625
8021,38782955824998.37,202862247352.6062,4229883083680.679
8022,33922221137316.645,316335553691.84155,2740649933311.307
8023,47400907495722.96,146738136937.80957,5889441892565.729
8024,45977861830041.88,199307119658.0598,3307545243533.9785
8025,42498956416889.65,223672668998.6272,3240102504334.795
8026,40371254585548.23,170911565552.0559,5503448241801.795
8027,23709547106885.355,249794151738.15552,5665615186375.485
8028,51732121605175.164,183405067943.95312,3494010565092.6133
8029,39009775999380.73,193118183004.82935,4672095190971.555
8030,27026831363114.254,266057363771.69922,4123988547249.541
8031,48353034071840.11,229303999793.65332,2644995393439.4634
8032,52744189826862.38,154773969418.38452,4410670906474.328
8033,30922447986293.008,186139507744.65845,7117771658621.009
8034,33491751916364.85,261909628881.71118,3282951850739.4644
8035,43567725523734.78,167645859307.68286,5263900372228.3955
8036,44430201687395.69,244912738621.07568,2652981884271.887
8037,31277241013852.848,212082752895.67065,5639797042905.17
8038,38623814687418.25,170985185463.11646,6248069908562.743
8039,40483027420010.83,187703890191.33472,4672997572962.549
8040,44907696290632.625,198509215795.13525,3646115516173.9473
8041,45936293394606.81,164727396723.28833,4721034622776.151
8042,41488521685455.9,152185434018.23828,6880577578834.172
8043,32475221259176.18,206304530243.52612,5656374346558.371
8044,26425244861355.336,281688652637.62036,3777815700404.0728
8045,58046726458599.664,162138214527.64038,3602781825404.732
8046,50969105108207.24,150930017406.60205,4861500975804.917
8047,21451007633788.375,364149789352.657,4242391666728.618
8048,39955998515247.59,195362255685.33643,4323164929001.1865
8049,42337179985922.234,235451133392.86157,2843658558379.366
8050,42263812908015.266,158634769933.542,6275530923420.609
8051,44920028675195.664,149240901999.1311,6188960805265.382
8052,44341910864710.68,197852230135.03003,3804479257735.1587
8053,32059419637139.19,250859681001.2444,3779483462113.3174
8054,32317871961557.117,249064279077.6306,3773669324250.0986
8055,32144249680948.04,228973311269.90454,4859777385596.713
8056,24748766456605.73,236449637911.24243,6258775123939.658
8057,40794855688260.76,146059594405.85132,7390979471182.14
8058,40084200358709.43,166420526360.88354,6183628397462.646
8059,41160148104747.84,162146471745.97095,6177240855630.876
8060,27196800943213.83,261581390482.86426,4623871489784.081
8061,68806443815618.44,152494670423.46704,2976319504609.6484
8062,39859335993551.984,167942082996.1294,6097464092995.858
8063,32102687622405.082,212737049641.33032,5393596883895.9
8064,29865456607019.297,198510135797.15308,6485181537039.143
8065,52330872968254.85,138998458426.47583,5790621048785.441
8066,56346104414112.695,171142954894.84204,3152114437506.651
8067,40877659349780.23,206996924993.48584,3995111599349.316
8068,56840590901982.29,162541946140.198,3696632121632.9355
8069,23186135317976.277,269531674248.63354,5004437194280.266
8070,42759406688478.86,160508761614.1184,6112516079190.333
8071,21191618949275.9,304353326307.93774,4401135053958.141
8072,33821843781045.684,183247691234.74414,6515298744884.244
8073,42158337848269.36,219623178907.2893,3433714297228.388
8074,44466043208525.445,190187428846.87646,3965143733500.7627
8075,34359043966330.145,241860038667.56494,3690644323878.914
8076,40127784423588.47,210639785942.0818,3954935261492.3506
8077,28396227912713.324,191985350135.44824,7281076915845.837
8078,28991066702023.992,255662348679.9746,4040574104823.289
8079,49173178060071.234,182522130595.5044,3760182748817.0107
8080,52506919627487.734,194458844712.73438,3105105049638.4
8081,51108058002492.69,160208260620.65088,4486093195007.653
8082,28162676777569.855,219788163651.25146,5972600094687.669
8083,28405948529264.42,243878494919.95044,4987497201432.7705
8084,31899044970198.547,190426697651.2317,6496840231841.23
8085,27057797061588.96,199824943056.68555,7768398414394.429
8086,29299791305636.758,198386303262.88745,6988927015755.986
8087,51269766062869.44,187390974790.98706,3265854953509.721
8088,26376919842917.332,238186605673.3318,5460409366366.344
8089,49856808281554.836,177817011758.5852,3730953178411.2417
8090,37806270871527.12,193945018197.98267,5166460972593.679
8091,22093524100046.273,324910176562.51294,4301355448512.946
8092,37388241454118.81,207272392264.79907,4201580456138.5566
8093,44010789738167.02,248197000287.9961,2572711583274.3394
8094,62543626897915.01,130467114318.8977,4900704711484.494
8095,40633384464111.195,207310372518.9607,3953039348461.0493
8096,54864313588682.24,145831652117.86353,4528728128206.98
8097,51619203178367.86,160932785945.84692,4350407112941.243
8098,28650264770540.883,232592306606.90405,5509194950633.963
8099,35946181835123.79,195992289456.3208,5403070913885.583
8100,35653857331089.51,284759985225.4651,2793327665842.7705
8101,71469087556567.27,124231826383.20728,4554464406554.16
8102,31949198988461.465,298440228527.32666,2866188323038.666
8103,44420952639753.484,158606864731.0183,5532721792151.469
8104,25651187275825.016,236260316144.04126,5755241296726.407
8105,32096902514329.715,238815423733.11694,4133607213999.734
8106,26278101535877.35,237594936794.02173,5705090858686.252
8107,54522813619396.016,143569398837.61108,4710397621627.654
8108,29898550327895.582,202891808462.8557,6448823904276.08
8109,52172372283478.61,152510444741.90454,4573292919588.113
8110,25258751097401.9,266721417612.3108,4753761971360.217
8111,57543590875637.266,192372745282.66968,2897798265157.3657
8112,45775481756762.84,166039616113.4126,4805783064534.034
8113,36219793019521.64,284496206253.5969,2718885596988.0215
8114,40545540397987.83,206475911000.46143,4037603945210.1553
8115,38660174706531.914,180157744947.3213,5472425573439.035
8116,27388251071790.754,191974586269.71045,8378638275495.105
8117,31492526172112.11,187695785717.99292,6788710675330.357
8118,28207782904786.2,247232506344.60474,4689815319321.426
8119,54377136428619.46,164642515484.33618,3878560681468.6533
8120,60963216478569.83,144186086736.58276,3923883961433.898
8121,55954531475882.57,122704806932.4104,6632957448704.14
8122,29932835910437.05,258246698762.98853,3747576465826.0615
8123,43269007481173.74,156494966465.6433,6187909294844.4795
8124,23350639498843.86,270283401633.52734,4931865668030.214
8125,41768920497889.53,140592757336.20386,7545956722064.33
8126,37499224609508.38,198237405935.15063,4813178397715.066
8127,56269184743533.42,183952838867.03955,2942429660015.3735
8128,54929181235770.59,127463216117.95996,6450855281026.987
8129,32435689408950.953,209646758908.96802,5445840435704.214
8130,31637320451318.145,188681037500.25415,6699974808264.679
8131,38473375789298.06,184624313319.4983,5322582936250.289
8132,41938825583583.43,226713133417.31982,3112576336627.988
8133,51564459575178.53,158638137488.84082,4497698602165.512
8134,71420636689920.33,116542996684.37134,5044369077896.961
8135,46206385803022.59,189731015558.8955,3842418471258.127
8136,57741995424364.2,172060263521.64868,2962423269740.8833
8137,25864404381796.492,287600845067.0823,3759158190192.5376
8138,47357052192124.81,142998201880.2395,6035200679367.469
8139,40338242550793.94,181164641243.45288,5029640281863.515
8140,40191905423476.6,149830890191.27173,7769503807860.835
8141,56696045735507.82,211858867187.24878,2417355565004.17
8142,41699195347715.016,195466457058.78027,4099849153306.938
8143,33437261180050.133,175188882608.39893,7141836370879.701
8144,52518607974405.11,136414010997.23804,5915045363511.812
8145,26986631446406.98,309236722643.18774,3137069639803.629
8146,41554972856286.58,295851700737.39966,2475526286563.488
8147,31619321986318.523,268163115835.20435,3369870054212.2393
8148,54531528987958.78,143867648696.0598,4675447316968.277
8149,31641900229059.43,188334181837.93457,6709183915348.87
8150,48362195131322.945,167510599621.20068,4335435609616.344
8151,44555198175684.01,293919576161.1787,2411520611036.978
8152,34024112278328.938,221032697934.2749,4375187839898.1113
8153,23659826056318.93,244409792681.8003,5991320491246.506
8154,71008400985731.27,122632289039.8645,4604698952604.891
8155,25323036983084.297,259603566057.43433,5031787652652.195
8156,41398532990349.19,228486503109.8401,3168723476154.023
8157,59334444388303.28,147609160464.09375,3961203845665.6616
8158,43747694383744.12,189620738622.09912,4098171870825.335
8159,39916377847363.35,254939097325.66113,2746335357582.968
8160,33472943792108.22,246751355827.30762,3706150984754.8047
8161,41084152389627.01,304294942723.9055,2457082864168.5786
8162,29282442988606.004,204953794721.21826,6197946186336.094
8163,26167290898166.043,288458087200.55347,3753533009819.2515
8164,22566797813403.773,275276486181.3811,5360953554455.016
8165,46071308368179.195,228359154051.2964,2812448184628.796
8166,27861848334717.97,198740181312.30444,7697159983040.217
8167,33995048577677.004,268620214651.68237,3081417229586.471
8168,34590488290919.688,176919534809.92603,6218910691405.07
8169,59026826573096.016,182185015378.29126,2769756389973.262
8170,24927622410883.23,315077502214.5437,3402150794551.848
8171,65343556777633.266,126352396505.44214,4838057217975.865
8172,36915704803611.83,191722505247.9895,5242338580136.548
8173,33053033206587.48,200053253610.3816,5751828742844.188
8174,42338109584674.8,154178549497.40405,6433331093505.702
8175,30269443361908.38,276451381857.7771,3440789120212.3667
8176,49999479601696.664,175395385302.64038,3802438029745.9966
8177,23331012538223.887,257639149441.5979,5498021778281.458
8178,35651064146537.59,252426213050.28296,3298511761997.7217
8179,23485900035398.293,229069005530.08032,7119660731660.8545
8180,27918237049243.64,239938247299.2317,5203212269980.27
8181,55359411945682.836,167096215911.7339,3648037043608.491
8182,30680860002458.91,226886956103.5027,5256473396354.081
8183,37774772565969.64,193349500793.85522,5178901077882.469
8184,28744168269134.086,299224962328.624,3172628795886.249
8185,39927853488007.375,189331187501.27954,4554864562383.644
8186,49190238243727.67,189780892294.8452,3565786891824.5215
8187,53282161717654.27,185048567392.1914,3203245759570.6343
8188,44777822231163.62,195822488614.35962,3782631846540.3496
8189,22336524778574.83,249885824753.24414,6106917369000.346
8190,66461028734715.7,175035839602.5022,2736533855983.293
8191,43223339284934.78,194118018869.07495,4051184143214.66
8192,26794825356294.836,208363936127.90015,7539378573608.965
8193,40587982885624.59,198716222574.16626,4111248339355.543
8194,40456762897752.055,304842153236.968,2478083222050.0186
8195,27360806155764.844,207167813519.03564,7236267453315.216
8196,43238810979568.22,220395130182.35278,3220615277142.359
8197,47665509226286.6,224124894141.06885,2790644406645.911
8198,52811467273999.73,138741728687.00635,5789804233504.186
8199,52656685760312.04,195558800912.5061,3041558919765.2217
8200,50000146192182.07,278655980404.2656,2301060938295.1387
8201,35750740552767.86,220354280264.42603,4101179430781.7314
8202,25014408495468.496,294960822617.22437,3702939798030.0444
8203,46394760722760.93,148335115530.188,5932271338582.279
8204,34599839532959.05,221883050265.58276,4192998062081.6313
8205,69210574233064.04,117027123371.49878,5438511283692.636
8206,65970146200086.01,118325004748.64966,5521846937681.232
8207,24918172951549.625,246034183216.55933,5616730905921.298
8208,51814154937566.19,156051485153.41357,4562504130020.827
8209,31998627201372.453,184560280781.38354,6784967367773.015
8210,39854375619131.086,165212845189.77905,6298804042112.738
8211,34996111073946.31,259028186957.81128,3230931748330.8193
8212,30319834176166.312,281097119711.6052,3332312258521.7783
8213,43383516980593.47,222465288186.4016,3170638202540.35
8214,33991531906989.812,242011772515.78906,3668021954706.989
8215,61337742837834.43,149774474984.84912,3790359275540.803
8216,66315927389915.32,115625867792.45874,6346859366278.119
8217,28309518109345.0,233108512010.92188,5385558767056.254
8218,34383807534414.7,196677454222.4348,5759885228957.631
8219,58224192536762.85,160532966931.22144,3530022188222.117
8220,28787360184202.527,299048539418.7119,3171954038310.5825
8221,27472859465133.887,261216257662.75073,4206648988706.7686
8222,47901720684624.01,182486583419.9087,3831922207793.055
8223,33144017344149.63,186371048249.06323,6598875683471.392
8224,38124598107373.945,237990140562.53394,3340061014344.138
8225,54672073134538.914,154932230698.89966,4089136622538.7573
8226,33548881085286.04,169537229196.19702,7648962986082.274
8227,29315711513742.332,302245550128.5698,3065709692138.228
8228,42722462344785.44,194780777655.55493,4016621888199.471
8229,46779113724546.35,154202777902.969,5183091859523.057
8230,23159086530768.68,283092199594.6509,4658166180049.311
8231,54405608361813.3,171716730980.49048,3493412485105.248
8232,28400886246233.55,234673066924.6836,5293031487243.359
8233,26447368112484.375,193018159086.7256,8483993082597.087
8234,35871214897754.4,218113451969.2317,4182527902307.379
8235,47688633796687.08,164424809436.0896,4540049415338.392
8236,32755807465123.1,200646678258.89453,5846975439235.753
8237,30816345848861.336,229240978958.34082,5135893417872.344
8238,26629929723608.67,244743566668.78882,5302495327907.742
8239,27659614837175.746,258943604654.56348,4539279890771.274
8240,46525850318291.94,208827195643.02124,3134148336533.5894
8241,25983957222666.062,252252836706.79224,5193011671225.04
8242,45965805602841.305,226719762000.95752,2857787056497.503
8243,42975356878814.945,160555732653.05103,6048496438072.091
8244,38720213923264.88,154773975504.86475,8397891273950.74
8245,33931259039077.77,174363357258.13354,6360011667360.967
8246,54262489301487.73,147511677200.47046,4586210182775.852
8247,54590653123310.39,147152336790.80713,4507439852554.252
8248,48254939020496.76,223134977625.3567,2759849248552.244
8249,20787684518506.086,297276033505.88574,4602230889958.469
8250,63033669358450.15,123416301723.01685,5468050735874.805
8251,42919778638493.75,208887689766.87207,3517358097071.1807
8252,37932071767057.234,166724779395.03247,6548037150035.345
8253,36745850619795.836,172123622127.26245,6546211931255.944
8254,45399631760549.07,230072324637.07812,2853833130864.14
8255,54753307518477.81,168425308210.46533,3653652279537.415
8256,30620964551369.703,233506031096.43896,4891723269161.332
8257,44997877162551.23,182065607096.18628,4200291168690.18
8258,51539023617546.38,175023423065.79175,3585977379746.199
8259,44286606533917.28,159245670361.79663,5441878192551.609
8260,31060966642400.977,265652508766.4192,3677080615114.0527
8261,43460055036084.8,205293283550.03833,3547864187493.3433
8262,41440764054779.96,204273987845.56055,3944770527106.1377
8263,36361915062559.375,281325199736.8811,2867689244412.3584
8264,52585045865278.18,138467943165.44678,5840837601584.356
8265,29502522159001.13,246589259357.79858,4320331404533.648
8266,71080224352359.47,117850122925.6477,4914044606126.066
8267,44639846207416.28,161482055825.75024,5356582334458.344
8268,44539735877035.586,158399362133.73022,5424507238844.204
8269,35634349968893.31,200236384008.06128,5248697688252.8125
8270,58247654637245.56,168174036893.29614,3104234071065.0986
8271,28955041291790.277,257434466152.7085,3849694727519.4214
8272,54778817501071.82,139512530883.17114,5207495486047.48
8273,56236581620028.71,142574057223.17212,4583822800614.095
8274,34804609883357.992,170517570840.6233,7351502508641.495
8275,47210156843270.06,189618911497.22778,3739449794030.8745
8276,54466651586794.19,220321213426.20435,2482559083631.5723
8277,68030766004775.87,155403755161.7849,2970768543228.7427
8278,26215546122827.66,212644046138.88867,6906153510869.623
8279,36558254766385.03,196659996028.5879,4848604012403.162
8280,37299173986461.14,190145268956.36548,5240018833624.141
8281,25380724760099.01,314582158685.739,3281164378980.777
8282,69490005474223.23,117621504148.51147,5414318626933.16
8283,24487568289933.414,333661167020.6975,3100809991363.019
8284,31684732389847.625,187840331397.0122,6606314932417.429
8285,54984603897917.31,169810565596.09985,3380477836013.0645
8286,43223874760899.12,167985532325.8728,5246726340628.495
8287,39296144096127.9,194562391622.46826,4563857963458.541
8288,29459019588124.01,207796250213.52905,6195847364046.456
8289,24007475917769.39,257294518876.17407,5449587301912.655
8290,70889760725615.89,122166903385.41553,4765924103915.259
8291,44242709719531.94,200836676155.83813,3608245077765.4365
8292,47292459498132.04,170873572826.6765,4260537490993.2603
8293,45698148779269.62,171733628530.7776,4443476658996.211
8294,38900145977757.11,179460318783.41675,5432511428157.45
8295,39011400148599.65,196082652668.99243,4549943277496.19
8296,39306820241625.09,181997966765.08398,5358407357609.1455
8297,24571065140981.062,321766800916.6216,3138420662557.0513
8298,60766804614282.55,150327392199.989,3766689106178.1587
8299,36707897831893.14,169855815774.78735,6579894127820.247
8300,31466423300101.44,224370836208.16772,5074273832306.985
8301,44109281176152.586,215293989356.03687,2981283239419.4536
8302,36657236922756.47,194565335487.66138,5345043812531.881
8303,39076860169751.33,184996203218.73853,5041997728628.668
8304,25118160441036.25,267562072142.70557,4788446699182.177
8305,39769908792493.18,228162091041.58813,3296186883971.9663
8306,29792896597385.03,210805900279.5818,6061697747516.9795
8307,23629639019324.984,260152557568.3872,5320626867078.591
8308,54488050624032.4,180827802122.2312,3099389510460.6313
8309,35115784529896.23,245472929135.0127,3544434024962.652
8310,31508885534494.957,230078263924.9431,4931894750608.5625
8311,67762954722557.37,156621622866.50146,2942807387615.015
8312,36507043386239.29,200507391340.20654,5115200184185.824
8313,24415593362735.14,249677515713.7295,5557849141714.634
8314,50569903060747.35,180887165789.4668,3593616704086.667
8315,49336747071272.75,284206463640.72314,2279310668224.4097
8316,22708073665305.145,281957760422.5774,4780978152513.472
8317,41342438487904.65,229988162270.26392,3177603024698.022
8318,38930205995062.266,238397554058.7976,3146590509520.769
8319,32377930170919.004,199431237855.2224,5963272760406.8955
8320,43743591305695.97,190971906651.0996,4086971671064.453
8321,33873431051797.664,194611319026.76636,5962233386253.125
8322,45606036478475.8,166875132012.23877,4603677810917.462
8323,38906324755930.086,230824813876.0808,3416105302435.013
8324,32673963167323.258,199897090134.60498,5852498733010.404
8325,45612893033626.23,231407092805.24536,2763209991875.7354
8326,31102823319309.168,212533838564.03052,5766417863461.647
8327,46868197955384.31,225743434020.00854,2789553753656.736
8328,27675032365772.266,215560491012.60522,6552216919506.923
8329,33124026042160.81,209034873608.96265,5363116233034.691
8330,52708057269682.914,154140565964.90942,4482867392144.247
8331,31689417427145.777,206166385832.7395,5845961695227.921
8332,64099931798338.586,125679081570.24854,5255579840152.668
8333,44868672928399.0,167306335585.43286,4886681496893.585
8334,22881222047045.07,320615397107.6887,3662890563480.65
8335,56150570699468.63,172039399473.16235,3274205614433.635
8336,23132914378373.402,280114921999.4453,4682062481326.481
8337,30411030684356.09,208225785183.9148,5830738084303.628
8338,65960172709906.195,127353940303.86597,4756491357284.154
8339,39881258829417.45,191325781882.96265,4670436858647.225
8340,40497115679336.2,168715608230.15552,5988657021663.522
8341,60793494036903.47,135428137674.21167,4900038168597.561
8342,29131691562836.848,201588123239.45435,6587546516978.439
8343,45801247641581.664,212483558261.49536,3198709472248.53
8344,44823430416019.75,212985558424.5149,3171299779102.54
8345,53513492186207.39,189534188706.13696,3090549267141.6357
8346,24513199251496.906,231726052353.86108,6759062310356.825
8347,47809356546198.29,147045984929.90283,5868806067106.748
8348,43947837334760.3,205966201758.99487,3507503099098.7485
8349,60934836518535.875,152545957026.1189,3660543347528.2603
8350,44084557347862.07,177555373464.41528,4382828851279.5
8351,40390587666263.94,182484811367.68262,4998628828310.198
8352,32695034791963.863,221945116956.96924,5005795000842.745
8353,48709673062835.98,192445570705.2102,3458201121964.8623
8354,28173370852419.86,246757206210.77808,4766991429072.993
8355,28548026070065.156,234081502062.90796,5243987623944.696
8356,42089176807401.875,197054858597.31274,3970639389780.447
8357,47459592419545.18,215579146159.90332,2852465204623.681
8358,55223978923841.33,166279750984.32666,3671330948817.3423
8359,47094947618770.09,208999981229.72632,3105419918848.3926
8360,30568397178834.473,217183272058.58008,5407749774873.538
8361,58464824498734.75,130670819457.20264,5740333024751.787
8362,43931913017422.125,213743152286.61035,3318616869309.126
8363,34374550569904.2,199090522611.76,5715164463358.142
8364,27892131704822.023,210899962142.7671,6354524519700.922
8365,26027908166293.46,256085013857.0227,5066458449149.528
8366,29067731294165.59,223401664659.9712,5725924872807.129
8367,26130767944124.445,225826673112.77295,6224660838923.731
8368,49826506874736.61,181175475686.27002,3653122211648.7344
8369,39536451556794.836,153200421089.90747,7074372530606.868
8370,41664878585888.24,143987597693.70166,7339084731434.5625
8371,62124728117932.44,135855651036.78247,4803695606090.682
8372,33373563659653.387,242295314031.31665,3895640249310.6865
8373,43220556118294.414,197203601529.0581,3938935659916.4604
8374,67011767183232.305,158593270652.11987,3001273180267.801
8375,49046948276250.74,236270948966.49,2443578672825.0796
8376,43243381200336.93,156849016452.11255,6070948457429.164
8377,30263272840742.62,276904885139.52856,3392365626944.3994
8378,36164865542907.766,236208552332.61377,3574414592076.8184
8379,31275293587009.734,207797807491.28516,5783089081825.898
8380,65620130003134.18,129851267958.68042,4680052675011.087
8381,55076958252239.38,213265451874.77417,2607227233747.403
8382,52572379547458.016,156514897126.9961,4458338337953.862
8383,36781783424324.09,221552840312.4475,3986026493984.2207
8384,24737395531693.734,249165482643.08325,5382978430990.392
8385,35720115617271.28,285133217137.5149,2776434940658.3687
8386,29077309206300.227,215026682615.10278,5815298594488.855
8387,32732073546990.56,224521853865.22803,4615463119595.472
8388,45360544643479.04,228051007997.94897,2953480300754.3516
8389,27982242991130.957,258729358633.4729,4116743662149.994
8390,35550277261707.72,199828708125.50024,5379052407542.268
8391,31038497892711.293,191438571114.0857,6664120085879.941
8392,30887444009162.523,265697786355.99585,3541801301763.289
8393,31571509863626.387,183813408443.93433,7108924919693.74
8394,46589748622864.37,185428693707.09473,3894780656011.9976
8395,32652851613401.496,212291616531.09033,5361801949603.814
8396,55895702572459.66,144553068553.3098,4424758295603.537
8397,32901178551744.76,193910937776.61865,6039621765549.126
8398,22143952959778.03,296194905284.18823,4438204072265.594
8399,35013954057435.184,243861908227.55762,3557545188848.9385
8400,36777927499817.6,207924810383.8767,4321541000036.202
8401,45214865261521.61,162167489168.97095,5271725422711.787
8402,37447017955161.695,236231490721.5171,3442984364862.419
8403,67348406775585.47,159294988248.364,2981680940875.175
8404,45764655953634.555,212906920365.82422,3195447657203.07
8405,48453456770543.96,174168038377.9348,4144038823688.0923
8406,50854181101021.44,176911490965.43384,3690136411497.3335
8407,33619539770864.9,191721484356.20337,6007141992289.218
8408,32296756063150.664,223230220674.74487,5033622819625.214
8409,38138679784042.8,192033917739.0293,4987596370760.275
8410,40991337948317.98,159936378556.32764,6490918330168.199
8411,46728830751097.98,195678987854.4065,3334458754197.654
8412,54749533456235.33,149875351658.76294,4391245644739.545
8413,29717563675578.004,187467941135.80396,8450201089273.945
8414,25419704136978.78,258407311875.81982,5042329872375.301
8415,60962830406299.06,141985989595.23022,4063537647477.503
8416,27090614158782.066,262146122969.8623,4583348269705.822
8417,29647280058559.45,317377033935.80786,2747542060571.2114
8418,51727261157145.55,166476205202.87036,3896508901461.978
8419,45430888846564.66,238252156830.23804,2689146648730.4287
8420,70766809788667.92,125121034261.70776,4604696643281.61
8421,49536613531338.29,227293006748.91992,2659457071375.7983
8422,24105882344043.27,303017483036.7251,3907773636352.134
8423,31107054237877.305,248519780763.68945,4013062262859.0225
8424,69222635157621.3,138926746066.7556,3754816971906.9834
8425,46773265417203.87,165941331534.8213,4591111326273.943
8426,69468799842281.28,118369752622.85474,5327215257744.1045
8427,28948255410910.6,258025979690.2434,3832878971489.635
8428,20823435304865.664,295338754685.1284,4838391185277.683
8429,52560603805138.66,151222717851.84863,4600274330171.072
8430,41509404172845.86,184529508069.92822,4650837758251.996
8431,49750896619601.875,202711985951.06958,2956480775361.8545
8432,30769791782899.062,240701466283.04956,4248209612480.702
8433,33905666750984.008,223189956853.16724,4256672838497.1616
8434,32674718965318.855,257740742649.48853,3409179527542.776
8435,60407993837024.36,122008674360.91772,5894360479589.1045
8436,27498582565550.03,254917376369.04492,4619537770968.309
8437,46057729709077.125,229525448556.2727,2790550324497.387
8438,35534529913397.49,221512981976.32593,4164803478693.6523
8439,34986613666451.54,253051154400.28735,3370263158709.2554
8440,35796622670784.16,244945806506.70923,3489809142993.9043
8441,30901795907200.277,205311341986.49,5970973682923.26
8442,31658587057296.85,299541561562.678,2889925224154.9023
8443,66908916927389.42,115590656133.6023,6249128400804.342
8444,54751307829302.92,159378339604.23413,4035512802860.337
8445,25161248083869.402,281208660223.67554,3942277407551.383
8446,28168647181280.72,285372636096.09717,3366429199626.7896
8447,32270373508352.72,213157285049.1267,5268913610359.637
8448,46417923734856.96,165111007118.92798,4687348037785.012
8449,46743065595799.06,173331506335.85596,4208790357299.508
8450,41539320436955.625,167677383022.38477,5620495784802.218
8451,32076944422070.1,201065444339.24097,5960289334864.349
8452,44314006692362.42,189670261640.52588,3994176581007.6777
8453,20782603261632.81,297678399736.71313,4587742260526.056
8454,28594895099850.934,249454983298.25293,4473629361461.6875
8455,56795079385891.19,159073837859.0188,3862786453359.2
8456,46343288410547.56,194251304432.22095,3702839823065.506
8457,30189525665378.246,227561645933.51025,5278537096860.881
8458,45181263201258.87,145951988441.17676,6292348961587.305
8459,50746356356890.766,192392643483.8098,3264164872223.12
8460,23012557066905.316,241932284453.88184,6192189776014.139
8461,48619887522866.33,204779402954.6162,3076410002896.8906
8462,43427285770907.35,161392937289.0193,5512105936393.974
8463,33312244215486.94,247634638494.6255,3753537769388.4683
8464,37362139407946.41,170770324841.39404,6526861022774.328
8465,46267673163013.12,223817696150.18848,2936410563684.2646
8466,53489301547660.51,144799059714.8606,5296359238518.243
8467,31379489374754.316,188147272648.3706,6762030523172.422
8468,29699554267665.49,235497462162.5542,5071746152696.774
8469,27707170412000.586,211406073565.45605,6732244843684.271
8470,28830033023845.836,207929229312.17456,6399789305265.742
8471,36225101367673.58,187079794806.4558,5651467617512.725
8472,22417155297210.3,244270420689.4856,6190123749901.1455
8473,47221809249599.97,163297518604.81958,4646847680339.277
8474,70717584650865.56,129601935873.88745,4252221092657.645
8475,37045220250622.16,221316188396.48926,4056402571640.599
8476,31248194270469.098,206305274137.2588,5894359970779.762
8477,45023419061255.34,188596300466.66602,3996432318041.797
8478,42804332188456.516,218145209475.5515,3285685287983.416
8479,26896289323691.61,306836391755.8176,3140416252724.232
8480,36416804555062.77,217980398363.04712,4112681262004.0493
8481,34784183630632.793,205458894742.47388,5236331520634.736
8482,32375816300759.96,212376040542.93335,5401058013050.015
8483,28247052749391.668,284827037731.9204,3391090138922.9263
8484,37367302413603.43,211816697419.74048,4113641530530.17
