,0,1,2,3,4,5,6,7,8,9,10,11,12,13,14,15,16,17,18,19,20,21,22,23,24,25,26,27,28,29,30,31,32,33,34,35,36,37,38
0,1861.8124778594183,0.0002606021019370847,7.554698240200904,8.352600311999414e-06,67633.80955111899,7.222292230600478e-06,29278.356020848674,1.5493111824081755e-05,46110.07480845306,77547.71014803836,8033.635654083166,17594.40889629474,42410.43720822191,77336.11309213222,61757.2460725418,54526.564300648235,47203.32994152097,0.0005519688639059099,0.278254080032705,0.00016313215784470627,80181.129502244,211556817.2618125,320143639.3446404,0.0010462541022327942,0.0010973708923071438,208354025.29518464,361432512.3830329,186143663.26428127,347011845.347614,149943581.9066262,0.0017465271264645885,0.0005203677696379032,0.0018956926111314346,4248.811484227253,8.19886772633596e-06,183347576.71919012,0.00864355387754179,0.00012579808832564366,77569799.2821142
1,1861.8124778594183,0.0002606021019370847,7.554698240200904,0.00021856706839828145,67633.80955111899,7.222292230600478e-06,29278.356020848674,1.5493111824081755e-05,46110.082887538985,77547.7101481131,8033.635654083166,17594.40889629474,42410.43720822191,89089.4887879614,61757.2460725418,54526.564300648235,47203.32994152097,0.0005519688639059099,0.278254080032705,6.772934919165065e-05,80181.129502244,211572030.96489406,320143639.3446404,0.0010462541022327942,0.0010973708923071438,208354025.29518464,361432512.3830329,186143663.26428127,347011845.347614,149943581.82943293,0.0022079766552734635,0.0005203677696379032,0.0018656224573376865,4248.811484227253,8.19886772633596e-06,183347576.71919012,0.00864355387754179,0.00012579808832564366,77569799.2821142
2,1861.8124778594183,0.0002606021019370847,7.554698240200904,0.00021856706839828145,67633.80955111899,7.222292230600478e-06,29278.356020848674,1.5493111824081755e-05,46110.082887538985,77547.7101481131,8033.635654083166,17594.40889629474,42410.43720822191,89089.4887879614,61757.2460725418,54526.564300648235,47203.32994152097,0.0005519688639059099,0.278254080032705,0.00016313215784470627,80181.129502244,211572030.96489406,320143639.3446404,0.0010462541022327942,0.0010973708923071438,208354025.29518464,361432512.3830329,186143663.26428127,347011845.347614,149943581.82943293,0.0022079766552734635,0.0005203677696379032,0.0018656224573376865,4248.811484227253,8.19886772633596e-06,183347576.71919012,0.00864355387754179,0.00012579808832564366,77569799.2821142
3,1861.8124778594183,0.00026181552893251447,7.828326617772154,0.000118486708082632,63771.31181910081,7.133940092254497e-06,34732.51687129342,1.5817293334880042e-05,46110.07604118926,77547.71014520751,8033.6356540847455,17595.59250752539,41284.82117843917,89089.50262021963,61026.0312352471,29443.5754825262,47203.32994181205,0.00026350169719997605,0.04631897292434367,0.00014901683197897575,80049.69560512438,213385737.54503593,312941857.34688467,0.001046255924621857,0.0011090650263371553,208354025.83572784,361432513.44669956,186143663.3364823,359625566.7840686,149943579.57750192,0.001788166308090941,0.00026408400063877564,0.0018861925228945305,5140.584962234593,8.19886772633596e-06,183347576.71919012,0.00920738744906747,0.00012579808832564366,77569799.2821142
4,1861.8124778594183,0.00026181552893251447,8.335078357033618,0.000118486708082632,63771.31181910081,7.13394008880427e-06,34732.51687129342,1.5817293334880042e-05,46110.07604118926,77547.71014520751,8033.6356540847455,17595.59250752539,41278.365466649004,89089.50262021963,61026.0312352471,29443.5754825262,47203.32994181205,0.00026350169719997605,0.0538541526596005,0.00014901683197897575,80049.69560512438,211555584.29710716,320143636.95726794,0.0010462557225976944,0.0011082472821355581,208354025.83572784,361432513.44669956,186143663.3364823,359625566.7840686,149943579.57288948,0.0017873275604879703,0.00026038362479652793,0.0018861925228945305,4301.131139673852,8.19886772633596e-06,183347576.71919012,0.00920738744906747,0.00012579808832564366,77569799.2821142
5,1861.8124778594183,0.00026181552893251447,8.335078357033618,0.000118486708082632,67364.74584293782,7.13394008880427e-06,34732.51687129342,1.5817293334880042e-05,46110.07604118926,77547.71014520751,8033.6356540847455,17595.59250752539,41278.365466649004,89089.50262021963,61043.58423873604,29443.5754825262,47203.32994181205,0.00026350169719997605,0.05635049995397279,0.0001493058296532891,80181.21099008701,211572057.4115201,320143636.95726794,0.0010462557225976944,0.0011082472821355581,208354025.83572784,361432513.44669956,186143663.3364823,359625566.7840686,149943579.57288948,0.002208655976360041,0.00026038362479652793,0.0018861925228945305,4301.131139673852,8.19886772633596e-06,183347576.71919012,0.00920738744906747,0.00012579808832564366,77569799.2821142
6,1861.8124778594183,0.00026181552893251447,7.757180354862355,0.000118486708082632,63771.31181910081,7.13394008880427e-06,34732.51687129342,1.5817293334880042e-05,46110.07604118926,77547.71014520751,8033.6356540847455,17595.59250752539,41278.365466649004,89089.50262021963,61026.0312352471,29495.89192596556,47203.32994181205,0.00025786874425647103,0.045661469804476745,0.00014901683197897575,80002.17486281307,233521428.7708492,320144445.34543693,0.0010462557225976944,0.0011082472821355581,208354025.83572784,361435948.2163302,186143663.3364823,359649383.0755328,149943579.57288948,0.0017879312058807525,0.00023594541760599809,0.0018861925228945305,4301.131139673852,8.19886772633596e-06,183347576.71919012,0.00920738744906747,0.00012579808832564366,77569799.2821142
7,1861.8124778594183,0.00026181552893251447,8.335078357033618,0.000118486708082632,63771.6912022324,7.13394008880427e-06,34732.51687129342,1.5817293334880042e-05,46110.093522291005,77547.71014520751,8033.6356540847455,17595.59250752539,41221.391403961534,89089.4533941491,61026.0312352471,29450.7001777264,47203.329941812306,0.00026532475038209944,0.0538541526596005,0.00014901683197897575,80049.69560512438,215559672.87026381,320143636.95726794,0.0010462557225976944,0.0011082472821355581,208354025.83572784,361432513.44669956,186143663.3364823,359625566.7840686,149943579.57288948,0.0017873275604879703,0.00026038362479652793,0.0018861925228945305,4301.131139673852,3.113653044360752e-06,183347576.71919012,0.00920738744906747,0.00012579808832564366,77569799.2821142
8,1861.8124778594183,0.00023166174231445882,8.192450016864024,0.00011293927096089707,67385.02277940675,7.222517636356666e-06,29280.693863581204,1.4780914584810548e-05,46110.844016048,77547.71013729506,8033.635654082954,17622.65481322422,42450.345052811135,89134.95510041047,60940.00075032496,30134.75781774985,47203.32993422182,0.0005258817021433937,0.6808788659647327,0.00014974225307392606,79982.22111305669,211558020.81362835,320146543.09451216,0.0010213925571003963,0.0007145607952275148,208353648.08407974,361426309.85692054,186143573.17632556,363576557.84608114,149932156.71687636,0.0017795723940403198,0.00023435459965579278,0.0007522512124854787,17729.522846965905,8.19886772633596e-06,183347576.71919012,0.009048550936041858,0.00012579808832564366,77569799.2821142
9,1861.8124778594183,0.0002636335072164189,17.617357000771413,0.00012301145141650852,67471.97108011125,7.1339401127437706e-06,29068.583818770196,1.713025427940141e-05,46110.073215718636,77547.71013703078,8033.635654083252,17622.65481295472,42767.18613547177,89089.48779797996,61022.11650598339,30135.63601748829,47203.329941501295,0.0005218266325671351,0.6853626386524538,1.874810003699757e-06,86675.36723767077,212347934.47568035,354849379.62184656,0.0010462559380614736,0.0011498028646967503,208353647.84684092,361426393.9894387,186143667.90326893,363113211.6535732,150111645.56953353,0.0017879279112526733,0.0002301653312695479,0.0018377987022593727,4884.042426366286,8.19886772633596e-06,183347576.71919012,0.008642294311405379,0.00012579808832564366,77569799.2821142
10,1861.8124778594183,0.00023205892342498962,7.605617102770935,0.00011627228307279315,67471.97108011125,7.1339445578285415e-06,29068.583818770196,1.4814427938791761e-05,46110.073215718636,77547.71013703078,8033.635654083189,17622.654813816975,42767.18613547177,89089.48779797996,61022.11650598339,30135.63601748829,47203.329941501295,0.0005210791815027212,0.6853620033040664,2.8932328314971913e-05,86675.36723767077,212347934.47568035,354849379.62184656,0.0010462559380614736,0.0011483510766513152,208353647.84684092,361426393.9894387,186143665.71019664,362020378.8211902,149943579.45404407,0.0017879279112526733,0.0002301653312695479,0.0018373335789174615,4884.042426366286,8.19886772633596e-06,183347576.71919012,0.008642294311405379,7.35635530486556e-05,77569799.2821142
11,1861.8124778594183,0.00023265616473250027,7.6886687406178265,0.00011627228307279315,67145.02829789085,7.1339401127437706e-06,29068.583818770196,1.4814427938791761e-05,46110.073215718636,77547.71013703078,8033.635654083189,17622.654813816975,42767.18613547177,89089.48779797996,61022.11650598339,30135.63601748829,47203.329941501295,0.0005218266325671351,0.6853620033040664,3.158508817335052e-05,86614.36609386008,212347934.47568035,354732269.6307839,0.0010462559380614736,0.0011498028646967503,208353647.84684092,361426393.9894387,186143667.90326893,363113211.6535732,149943579.40720546,0.0017879279112526733,0.0002301653312695479,0.0018373505839936767,4884.042426366286,8.19886772633596e-06,183347576.71919012,0.008642294311405379,0.00012579808832564366,77569799.2821142
12,1861.8124778594183,0.00023265616473250027,7.6886687406178265,0.00011627228307279315,67471.97108011125,7.1339401127437706e-06,29068.583818770196,1.4814427938791761e-05,46110.073215718636,77547.71013703078,8033.635654083189,17622.654813816975,42767.18613547177,89089.48779797996,61022.11650598339,30135.63601748829,47203.329941501295,0.0005218266325671351,0.6853620033040664,3.158508817335052e-05,86675.36723767077,212347934.47568035,354849379.62184656,0.0010462559380614736,0.0011498028646967503,208353647.84684092,361426393.9894387,186143667.90326893,363113211.6535732,149943579.46505255,0.0017879279112526733,0.0002301653312695479,0.0018373335789174615,4884.042426366286,8.19886772633596e-06,183347576.71919012,0.008642294311405379,0.00012579808832564366,77569799.2821142
13,1861.8124778594183,0.00023265616473250027,7.6886687406178265,0.00011627228307279315,67471.97108011125,7.1339401126025075e-06,29068.583818770196,1.4814427938791761e-05,46110.073215718636,77547.71013703078,8033.635654083189,17622.654813816975,42767.18613547177,90539.59162044068,61022.11650598339,30135.63601748829,47203.329941501295,0.0005218266325671351,0.6853620033040664,3.158508817335052e-05,79594.14598392141,212367262.7958597,354849379.62184656,0.0010462557267788238,0.0011498028646967503,208353647.84684092,361426393.9894387,186143666.9626127,363113211.6535732,149943579.46505255,0.0017879257424230496,0.0002301653312695479,0.0007628672651918318,4884.042426366286,8.19886772633596e-06,183347576.71919012,0.008642294311405379,0.00012579808832564366,77569799.2821142
14,1861.8124778594183,0.0002616916466349711,7.5503847997705105,9.737816066729582e-05,62026.97068238381,7.222942239459683e-06,29278.088364732914,1.548262806341943e-05,46110.06278417964,77547.71013618888,8033.635654084546,17622.654823427783,42457.2636840136,89057.09949683712,60942.05064074603,30135.019299855885,47203.32993408556,0.0002652580510907325,0.04875033456304706,0.00013661132783305267,80033.4069355576,211555614.5111546,320144303.80422705,0.0010462363750210469,0.0009937188629197348,208355045.71491742,361432512.273431,186143663.30000663,347011845.347614,149943577.56012684,0.001783442144811154,0.000365122220831546,0.0007517815363557922,2735.2765850091746,8.19886772633596e-06,183347576.71919012,0.0003157582999850951,0.00012579808832564366,77569799.2821142
15,1861.8124778594183,0.0002616916466349711,7.5503847997705105,9.737816066729582e-05,62026.97068238381,7.22265812870787e-06,29278.088364732914,1.548262806341943e-05,46110.06278417964,77547.71013618888,8033.635654084546,17622.654823428158,42457.2636840136,89653.31689040687,60942.05064074603,30135.019299855885,47203.32993408556,0.00026536536862449084,0.3109825365581085,0.00013661132783305267,80033.4069355576,211555614.5111546,320144299.94338,0.0010462363750210469,0.0009937188629197348,208356014.48472062,361432512.273431,186143663.30000663,347011845.347614,149943577.56012684,0.001783442144811154,0.000365122220831546,0.0007517815363557922,2735.2765850091746,8.19886772633596e-06,182540024.07853836,0.0003157582999850951,0.00012579808832564366,77569799.2821142
16,1861.8124778594183,0.00026174366856079867,7.5503847997705105,9.737816066729582e-05,62026.97068238381,7.2244209264850125e-06,29086.287660217527,1.548262806341943e-05,46110.06278417964,77547.71013618888,8033.635654084546,17622.654823428158,42457.2636840136,90201.27996032136,60942.05064074603,30135.019299855885,47203.32993408556,0.00026536536862449084,0.3045318408183706,2.7076350618674756e-05,80033.4069355576,211555614.5111546,320144322.37063736,0.0010462363750210469,0.0009937188629197348,208354099.1641842,361432512.273431,186143663.30000663,347011845.347614,149943577.56012684,0.001783442144811154,0.0003687934108738819,0.0007517815363557922,2735.2765850091746,8.19886772633596e-06,183347576.71919012,0.0003157582999850951,3.1604837622804143e-06,77569799.2821142
17,1861.8124778594183,0.0002616916466349711,7.5503847997705105,9.737816066729582e-05,62026.97068238381,7.22265812870787e-06,29278.088364732914,1.548262806341943e-05,46110.06278417964,77547.71013618888,8033.635654084546,17622.654823428158,42457.2636840136,89653.31689040687,60942.05064074603,30135.019299855885,47203.32993408556,0.00026536536862449084,0.3109825365581085,0.00013661132783305267,80033.4069355576,211555614.5111546,320144299.94338,0.0010462363750210469,0.0009937188629197348,208356014.48472062,361432512.273431,186143663.30000663,347011845.347614,149943577.56012684,0.001783442144811154,0.000365122220831546,0.0007517815363557922,2735.2765850091746,8.19886772633596e-06,183347576.71919012,0.0003157582999850951,0.00012579808832564366,77569799.2821142
18,1861.8124778594183,0.0002616916466349711,7.5503847997705105,9.737816066729582e-05,62026.97068238381,7.22265812870787e-06,29278.088364732914,1.548262806341943e-05,46110.06278417964,77547.71013618888,8033.635654084546,17622.654823428158,42457.2636840136,89653.31689040687,60942.05064074603,30135.019299855885,47203.32993408556,0.00026536536862449084,0.3109825365581085,0.00013661132783305267,80033.4069355576,211555614.5111546,320144299.94338,0.0010462363750210469,0.0009937188629197348,208356014.48472062,361432512.273431,186143663.30000663,347011845.347614,149943577.56012684,0.001783442144811154,0.000365122220831546,0.0007517815363557922,2735.2765850091746,8.19886772633596e-06,183347576.71919012,0.0003157582999850951,0.00012579808832564366,77569799.2821142
19,1861.8124778594183,0.0002616916466349711,7.5503847997705105,9.737816066729582e-05,62026.97068238381,7.22265812870787e-06,29278.088364732914,1.548262806341943e-05,46110.06278417964,77547.71013618888,8033.635654084546,17622.654823428158,42457.2636840136,89653.31689040687,60942.05064074603,30135.019299855885,47203.32993408556,0.00026536536862449084,0.3045318408183706,0.00013661132783305267,80033.4069355576,211555614.5111546,320144295.24685025,0.0010462363750210469,0.0009937188629197348,208421729.35770342,361432512.273431,186143663.30000663,347011845.347614,149943577.56012684,0.001783442144811154,0.000365122220831546,0.0007517815363557922,2735.2765850091746,8.19886772633596e-06,183347576.71919012,0.0003157582999850951,0.00012579808832564366,77569799.2821142
20,1861.8124778594183,0.0002616916466349711,7.5503847997705105,9.737816066729582e-05,62026.97068238381,7.2225280947778815e-06,29086.287660217527,1.548262806341943e-05,46110.06278417964,77547.71013618888,8033.635654084546,17622.654823428158,42457.2636840136,89653.31689040687,60942.05064074603,30135.019299855885,47203.32993408556,0.00026536536862449084,0.3045318408183706,2.7076350618674756e-05,80033.4069355576,211555614.5111546,320144322.37063736,0.0010462363750210469,0.0009937188629197348,208421729.35770342,361432512.273431,186143663.30000663,347011845.347614,149943577.56012684,0.001783442144811154,0.0003687934108738819,0.0007517815363557922,2735.2765850091746,8.19886772633596e-06,183347576.71919012,0.0003157582999850951,3.1604837622804143e-06,77569799.2821142
21,1861.8124778594183,0.0002616916466349711,7.5503847997705105,9.737816066729582e-05,62026.97068238381,7.2225280947778815e-06,29086.287660217527,1.548262806341943e-05,46110.06278417964,77547.71013618888,8033.635654084546,17622.654823428158,42457.2636840136,89653.31689040687,60942.05064074603,30135.019299855885,47203.32993408556,0.00026536536862449084,0.3045318408183706,2.7076350618674756e-05,80033.4069355576,211555614.5111546,320144322.37063736,0.0010462363750210469,0.0009937188629197348,208421729.35770342,361432512.273431,186143663.30000663,347011845.347614,149943577.56012684,0.001783442144811154,0.0003687934108738819,0.0007517815363557922,2735.2765850091746,8.19886772633596e-06,183347576.71919012,0.0003157582999850951,3.1604837622804143e-06,77569799.2821142
22,1861.8124778594183,0.0002616916466349711,7.5503847997705105,9.737816066729582e-05,62026.97068238381,7.22265812870787e-06,29278.088364732914,1.548262806341943e-05,46110.06278417964,77547.71013618888,8033.635654084546,17622.654823428158,42457.2636840136,89057.09949683712,60942.05064074603,30135.019299855885,47203.32993408556,0.00026536536862449084,0.3045318408183706,0.00013661132783305267,80033.4069355576,211555614.5111546,320144295.24685025,0.0010462363750210469,0.0009937188629197348,208424325.0063903,361432512.273431,186143663.30000663,347011845.347614,149943577.56012684,0.001783442144811154,0.000365122220831546,0.0007517815363557922,2735.2765850091746,8.19886772633596e-06,183347576.71919012,0.0003157582999850951,0.00012579808832564366,77569799.2821142
23,1861.8124778594183,0.00026181552893251447,28.050886665416655,0.00021793809284446723,62185.79939108721,7.1339401127437706e-06,34735.04870230284,1.7083337601810076e-05,46110.04725767938,77547.71013755725,8033.635654083107,17622.654823429904,42470.84994435153,77245.80975124573,59569.49716225053,30135.51444098888,47203.32993473087,0.0005218266325671351,0.3171511809133355,0.0001684363608491194,79909.39077340685,211557810.48786017,320144453.17630535,0.0010462557225976944,0.0011495818035208104,208353654.29748896,361435945.3556414,186143666.99251774,363112552.45226276,149943579.43244523,0.0017876991489379896,0.0005200537599844073,0.0018854205770423092,5075.96327206541,8.19886772633596e-06,177001283.12255448,0.008688374528086799,0.00012579808832564366,77569799.2821142
24,1861.8124778594183,0.00026181552893251447,29.53534728692913,0.0002179738048323159,62185.79939108721,7.1339401127437706e-06,34760.61263506085,1.7083337601810076e-05,46110.07313988679,77547.71013702585,8033.635654084802,17622.654824854955,42762.75051104959,76976.6232039901,61022.11650598339,30135.63601748829,47203.32993473087,0.0005218266325671351,0.46040638192079686,5.983410554111019e-06,86682.11833652593,211557810.48786017,320144453.17630535,0.0010462557225976944,0.0011495818035208104,208353654.7194302,361426025.66066056,186143666.99251774,363112552.45226276,149943579.635936,0.0017879279112526733,0.0004866582875933179,0.0004267751798184263,5075.96327206541,8.19886772633596e-06,177001283.12255448,0.008688329735455252,0.00012579808832564366,77569799.2821142
25,1861.8124778594183,0.00026181552893251447,107.36116373252815,0.0002179738048323159,62185.79939108721,7.1339401127437706e-06,34735.04870230284,1.7083337601810076e-05,46110.07488208651,77547.71013724036,8033.635654084755,17622.654824854955,42762.75051104959,76976.6232039901,61022.11650598339,30135.63601748829,47203.32993473087,0.0005218266325671351,0.46040638192079686,5.983410554111019e-06,86755.69059116891,211557810.48786017,320144453.17630535,0.0010462557225976944,0.0011495818035208104,208353654.81530386,361435945.3556414,186143666.99251774,363112552.45226276,149943579.635936,0.0017879279112526733,0.0005198289266696481,0.0004267751798184263,5075.96327206541,8.19886772633596e-06,177001283.12255448,0.008688329735455252,0.00012579808832564366,77569799.2821142
26,1861.8124778594183,0.00026181552893251447,107.36116373252815,0.0002179738048323159,62185.79939108721,7.1339401127437706e-06,34735.04870230284,1.7083337601810076e-05,46110.12528881674,77547.71013755725,8033.635654084755,17622.654824854955,42762.75051104959,77245.80975124573,61022.11650598339,30137.349622904167,47203.32993473087,0.0005218266325671351,0.46040638192079686,0.00016874644500126457,86755.69059116891,211557810.48786017,320144453.17630535,0.0010462557225976944,0.0011495818035208104,208353654.29748896,361435945.3556414,186143666.99251774,363112552.45226276,149943579.38338375,0.0017879279112526733,0.0005198254685122002,0.001912604141121291,5075.96327206541,8.19886772633596e-06,177001283.12255448,0.008688374528086799,0.00012579808832564366,77569799.2821142
27,1861.8124778594183,0.0002604611006086132,7.5503847997705105,9.737816066729582e-05,63768.83625219306,7.222557649067071e-06,29278.088364732914,1.5803381809981056e-05,46110.06278417964,77547.71013618888,8033.635654084575,17622.654823428158,41623.417787001876,89091.00729180213,61024.0885685986,30135.019299855885,47203.329940582254,0.00026775427192771845,0.3045318408183706,0.000149418863444431,79943.11983457387,211555614.5111546,320143637.13914394,0.0010462363750210469,0.0009937188629197348,213987369.6786993,361432541.93697906,186143663.2643023,347011845.347614,149943579.65003344,0.001783442144811154,0.000365122220831546,0.000748625373398327,221.65560350877786,8.19886772633596e-06,183347576.71919012,9.219422724449262e-05,0.00012579808832564366,77569799.2821142
28,1861.8124778594183,0.0002604611006086132,7.5503847997705105,9.737816066729582e-05,63768.83625219306,7.220543424618096e-06,29278.088364732914,1.5803381809981056e-05,46110.06278417964,77547.71013618888,8033.635654084575,17622.654823428158,41623.417787001876,89091.00729180213,61024.0885685986,30135.019299855885,47203.329940582254,0.00026775427192771845,0.3045318408183706,0.000149418863444431,79943.11983457387,211555614.5111546,320143637.13914394,0.0010462363750210469,0.0009937188629197348,214032092.02303502,361432541.93697906,186143663.2643023,347011845.347614,149943579.6365081,0.001783442144811154,0.000365122220831546,0.000748625373398327,221.65560350877786,8.19886772633596e-06,183347576.71919012,9.219422724449262e-05,0.00012579808832564366,77569799.2821142
29,1861.8124778594183,0.0002605280130859937,7.5503847997705105,9.737816066729582e-05,63768.83625219306,7.222557649067071e-06,29278.088364732914,1.548262806341943e-05,46110.06278417964,77547.71013618888,8033.635654084575,17622.654823428158,41623.417787001876,89091.00729180213,60942.05064074603,30135.019299855885,47203.32994058567,0.0002613044144153746,0.3045318408183706,0.00013661132783305267,80033.4069355576,211555614.5111546,320143637.13914394,0.0010462363750210469,0.0009937188629197348,213987369.6786993,361432512.273431,186143663.2643023,347011845.347614,149943577.56012684,0.001783442144811154,0.000365122220831546,0.000748625373398327,2735.2765850091746,8.19886772633596e-06,183347576.71919012,0.0003157582999850951,0.00012579808832564366,77569799.2821142
30,1861.8124778594183,0.00017266528351913047,6.912383837190564,0.00011627228307279315,67471.97108011125,7.1339401127437706e-06,29068.583818770196,1.7150589414456377e-05,46110.07320799297,77547.71013563068,8033.635654083189,17622.654824854955,42767.18613547177,89088.71913511568,61022.08934311018,30135.63601748829,47203.329941501295,0.0005244910138489365,0.6853620033040664,3.1005804351347584e-05,86675.36723767077,209826895.42991358,321705881.0699465,0.0010462558616580297,0.0011498028646967503,208353647.84684092,361426393.9894387,186143667.90326893,363113211.6535732,149943579.46505255,0.0017833949296277745,0.0004882055910914353,0.0018373335789174615,5075.96327206541,8.19886772633596e-06,183347576.71919012,0.008697369083044793,0.00012579808832564366,77569799.2821142
31,1861.8124778594183,0.00023266989339693658,25.26642985541757,0.00011627228307279315,67494.25343943239,7.1339401127437706e-06,29068.583818770196,1.7150589414456377e-05,46110.07317076892,77547.71013703078,8033.635654083189,17622.65482360796,42767.18613547177,73098.73148201297,61022.11650598339,30135.63601748829,47203.329941501295,0.0005218266325671351,0.6853620033040664,3.180366599377972e-05,84332.98422480594,231136821.00116983,354849379.62184656,0.0010462559380614736,0.0011498028646967503,208353647.84684092,361426393.9894387,186143667.90326893,363113211.6535732,149943579.57757738,0.0017881775901834843,0.0004882055910914353,0.0018494198790992389,5075.96327206541,8.19886772633596e-06,183347576.71919012,0.00036320657183544925,0.00012579808832564366,77569799.2821142
32,1861.8124778594183,0.00023266989339693658,25.26642985541757,0.00011627228307279315,67494.25343943239,7.1339401127437706e-06,29068.583818770196,1.7150589414456377e-05,46110.07317076892,77547.71013703078,8033.635654083189,17622.65482360796,42767.18613547177,89089.48779797996,61022.11650598339,30135.63601748829,47203.329941501295,0.0005218266325671351,0.6853620033040664,3.180366599377972e-05,84332.98422480594,231136821.00116983,354849379.62184656,0.0010462559380614736,0.0011498028646967503,208353647.84684092,361426393.9894387,186143667.90326893,363113211.6535732,149943579.57757738,0.0017881775901834843,0.0004882055910914353,0.0018494198790992389,5075.96327206541,8.19886772633596e-06,183347576.71919012,0.0005310324944703204,0.00012579808832564366,77569799.2821142
33,1861.8124778594183,0.00023266989339693658,25.26642985541757,0.00011627228307279315,67494.25343943239,7.1339401127437706e-06,29068.583818770196,1.7090734973354672e-05,46110.07317076892,77547.71013703078,8033.635654083189,17622.65482360796,42766.80984954818,89089.48779797996,67641.45699692194,30135.63601748829,47203.329941501295,0.0005218096908684077,0.6853620033040664,9.307938902954706e-06,74754.78490634731,244549944.78543338,354849379.62184656,0.0010462559380614736,0.0011498028646967503,208353647.84684092,361426393.9894387,186143667.90326893,363452054.36727583,149943579.45252213,0.0017881775901834843,0.0004882055910914353,0.0018494198790992389,4885.4995900945105,8.19886772633596e-06,183347576.71919012,0.0005310324944703204,0.00012579808832564366,77569799.2821142
34,1861.8124778594183,0.0002616168126736443,25.26642985541757,0.00011627228307279315,67494.25343943239,7.1339401127437706e-06,12732.302680691222,1.7150589414456377e-05,46110.07317076892,77547.71013716384,8033.635654084742,17622.65482360796,42767.18613547177,89089.48779797996,61022.11650598339,30135.63601748829,47203.329941501295,0.0005218266325671351,0.6853620033040664,3.180366599377972e-05,84332.98422480594,231136821.00116983,354849379.62184656,0.0010462559380614736,0.0011498028646967503,208353647.84684092,361426393.9894387,186143667.90326893,363113211.6535732,149943579.57757738,0.0017881775901834843,0.0004882055910914353,0.0018494198790992389,5075.96327206541,8.19886772633596e-06,183347576.71919012,0.0005310324944703204,0.00012579808832564366,77569799.2821142
35,1861.8124778594183,0.00023209019776877437,7.602765558853092,0.00017141515710365296,67474.9818472017,7.1337656598207515e-06,29073.57561808978,1.477930494316151e-05,46110.03684208822,77547.71014809198,8033.635654083161,17622.654813394434,42545.19151230878,93362.87360218677,61020.366817526075,31015.21426808386,47203.3299413388,0.0005210740032863854,0.4580514126196309,2.8930299994417175e-05,75556.72795441098,211571602.89192778,320143667.5687456,0.0010462555962576006,0.001103460090356685,208380996.01435623,361432512.3830329,186143665.74391007,347017939.31003076,149943579.45427626,0.001807572502604684,0.00023693888522270445,0.0018860342372865792,4878.260287330284,8.19886772633596e-06,183347576.71919012,0.00864355387754179,0.00012579808832564366,77569799.2821142
36,1861.8124778594183,0.00023209019776877437,7.602765558853092,0.00017141515710365296,67475.35305331444,7.219876108871556e-06,29073.57561808978,1.477930494316151e-05,46110.88749837601,77547.71014809198,8033.635654083161,17622.654813394434,42545.19151230878,93362.87360218677,61063.35106232235,31015.21426808386,47203.3299413388,0.0005210740032863854,0.4580514126196309,2.8930299994417175e-05,75556.72795441098,211571602.89192778,320143667.5687456,0.0010463227668931728,0.001103460090356685,213767486.14876634,361432512.3830329,186143984.1795564,347017939.31003076,149943579.45427626,0.0022505556550642997,0.00023693888522270445,0.0018860342372865792,4878.260287330284,8.19886772633596e-06,183347576.71919012,0.00864355387754179,0.00012579808832564366,77569799.2821142
37,1861.8124778594183,0.00023209019776877437,7.625663485891036,9.902541738838958e-05,67475.35305331444,7.219876108871556e-06,29073.57561808978,1.483915938426321e-05,46110.88749837601,77547.71014809198,8033.63565408316,17622.654813394434,42545.56779823237,93362.87360218677,61025.44701319852,31006.726711279684,47203.3299413388,0.000521090944985113,0.4580514126196309,3.234318914903937e-05,85134.9272728696,212037791.95249495,320143669.1605196,0.0010463227668931728,0.001103460090356685,213767486.14876634,361432512.3830329,186143658.404616,346679096.59632814,149943579.57933155,0.0017884573647664482,0.00023693888522270445,0.0018860342372865792,5068.905378626161,8.19886772633596e-06,183347576.71919012,0.00864355387754179,0.00012579808832564366,77569799.2821142
38,1861.8124778594183,0.00023209019776877437,7.625663485891036,9.902541738838958e-05,67475.6756673096,7.219876108871556e-06,29068.558989898705,1.477930494316151e-05,46110.88749837601,77547.71014809198,8033.635654083161,17622.654813394434,42545.19151230878,93362.87360218677,61025.44701319852,30135.18927432907,47203.3299413388,0.0002720408776347406,0.4580514126196309,9.847419709899721e-06,75556.72795441098,212037791.95249495,320143669.1605196,0.0010463189908320731,0.001103460090356685,213767486.14876634,361432512.3830329,186143658.404616,347017939.31003076,149943579.45427626,0.0017887814678273599,0.00023693888522270445,0.0018860342372865792,4878.441696655261,8.19886772633596e-06,183347576.71919012,0.00864355387754179,0.00012579808832564366,77569799.2821142
39,1861.8124778594183,0.00023209019776877437,7.625663485891036,9.902541738838958e-05,67475.35305331444,7.219876108871556e-06,29073.57561808978,1.477930494316151e-05,46110.88749837601,77547.71014809198,8033.635654083161,17622.654813394434,42545.19151230878,93362.87360218677,61025.44701319852,31006.726711279684,47203.3299413388,0.0005210740032863854,0.4580514126196309,9.847419709899721e-06,75556.72795441098,212037791.95249495,320143669.1605196,0.0010463227668931728,0.001103460090356685,213767486.14876634,361432512.3830329,186143658.404616,347017939.31003076,149943579.45427626,0.0017884573647664482,0.00023693888522270445,0.0018860342372865792,4878.441696655261,8.19886772633596e-06,183347576.71919012,0.00864355387754179,0.00012579808832564366,77569799.2821142
40,1861.8124778594183,0.00026181552893251447,107.36116373252815,0.0002179738048323159,62185.79939108721,7.1339401127437706e-06,34735.04870230284,1.7083337601810076e-05,46110.12528881674,77547.71013755725,8033.635654084755,17622.654824854955,42762.75051104959,77245.80975124573,61022.11650598339,30137.349622904167,47203.329940806754,0.0005218266325671351,0.46040638192079686,0.00016874644500126457,86755.69059116891,211557810.48786017,320144453.17630535,0.0010462557225976944,0.0011495818035208104,208353654.29748896,361435945.3556414,186143666.99251774,363112552.45226276,149943579.38338375,0.0017879279112526733,0.0005198254685122002,0.001912604141121291,5075.96327206541,8.19886772633596e-06,177001283.12255448,0.008688374528086799,0.00012579808832564366,77569799.2821142
41,1861.8124778594183,0.00017266301965442095,24.609993823370125,0.00011627228307279315,67471.97108011125,7.1339401127437706e-06,29068.583818770196,1.7150589414456377e-05,46110.073215718636,77547.71013703078,8033.635654083189,17622.654824854955,45924.89964626624,89088.71913511568,61022.08934311018,30135.63601748829,47203.329941501295,0.0005218266325671351,0.6853620033040664,3.1307165819191796e-05,86675.36723767077,209826895.42991358,353298327.8326485,0.0010462559380614736,0.0011498028646967503,208353640.8729385,361426371.8558494,186143667.90326893,363113211.6535732,149943579.6354013,0.0017879279112526733,0.0005197757938137669,0.0018373335789174615,5075.96327206541,8.19886772633596e-06,183347576.71919012,0.00869745059260804,0.00012579808832564366,77569799.2821142
42,1861.8124778594183,0.00017266301965442095,24.609993823370125,0.00011627228307279315,67471.97108011125,7.1339401127437706e-06,29068.583818770196,1.7150589414456377e-05,46110.073215718636,77547.71013703078,8033.635654083189,17622.654824854955,42767.18613547177,89088.71913511568,61022.08934311018,30135.63601748829,47203.329941501295,0.0005218266325671351,0.6853620033040664,3.1307165819191796e-05,86675.36723767077,209826895.42991358,353298327.8326485,0.0010462559380614736,0.0011498028646967503,208353647.84684092,361426393.9894387,186143667.90326893,363113211.6535732,149943579.46505255,0.0017879279112526733,0.0004882055910914353,0.0018373335789174615,5075.96327206541,8.19886772633596e-06,183347576.71919012,0.00869745059260804,0.00012579808832564366,77569799.2821142
43,1861.8124778594183,0.00023266989339693658,24.609993823370125,0.00011627228307279315,67471.97108011125,7.214198730325891e-06,29301.462851234195,1.7150589414456377e-05,46110.073215718636,77547.71013703078,8033.635654083189,17622.654824854955,42767.18613547177,89091.03943787795,61022.11650598339,30135.63601748829,47203.329941501295,0.0005218266325671351,0.6853620033040664,0.00015346607464089622,86675.36723767077,232054916.93359292,354849379.62184656,0.0010462559380614736,0.0011498028646967503,208549936.704905,361432691.6442545,186143667.90326893,363113211.6535732,149943579.46505255,0.0017879279112526733,0.0004882055910914353,0.0018373335789174615,5075.96327206541,8.19886772633596e-06,175563317.97487977,0.00869745059260804,0.00012579808832564366,77569799.2821142
44,1861.8124778594183,0.00023266989339693658,24.609993823370125,0.00011627228307279315,67471.97108011125,7.1339401127437706e-06,29068.583818770196,1.7150589414456377e-05,46110.073215718636,77547.71013703078,8033.635654083189,17622.654824854955,42767.18613547177,89089.48779797996,61022.11650598339,30135.63601748829,47203.329941501295,0.0005218266325671351,0.6853620033040664,3.180366599377972e-05,86675.36723767077,232054916.93359292,354849379.62184656,0.0010462559380614736,0.0011498028646967503,208353647.84684092,361426393.9894387,186143667.90326893,363113211.6535732,149943579.46505255,0.0017879279112526733,0.0004882055910914353,0.0018373335789174615,5075.96327206541,8.19886772633596e-06,183347576.71919012,0.00869745059260804,0.00012579808832564366,77569799.2821142
45,1861.8124778594183,0.00023266989339693658,102.43646090493374,0.00011627228307279315,67471.97108011125,7.1339401127437706e-06,29043.01988601219,1.7150589414456377e-05,46110.07495791837,77547.71013724529,8033.635654083141,17622.654824854955,42767.18613547177,89089.48779797996,61022.11650598339,30135.63601748829,47203.329941501295,0.00033342943372568503,0.6853620033040664,3.180366599377972e-05,86748.93949231376,232054916.93359292,354849379.62184656,0.0010462559380614736,0.0011498028646967503,208353647.94271457,361436313.6844196,186143667.90326893,363113211.6535732,149943579.46505255,0.0017879279112526733,0.0005213762301677655,0.0018373335789174615,5075.96327206541,8.19886772633596e-06,183347576.71919012,0.00869745059260804,0.00012579808832564366,77569799.2821142
46,1861.8124778594183,0.00023287022198843549,107.36116373252815,0.00010772161818985095,62185.79939108721,7.1339401127437706e-06,34735.04870230284,1.705177403587568e-05,46110.06261105002,77547.71014507444,8033.635654083179,17622.654824854955,45866.076546206816,76976.6232039901,60938.6562953144,30135.63601748829,47203.329934084846,0.00027484469724823923,0.322084695715942,3.180366599377972e-05,86635.57062114206,211555640.68818596,320144453.290258,0.001046255593218621,0.0009957349737767496,208354025.83253255,361432620.91022253,186143667.90326893,363113211.6535732,149943579.62422663,0.00178342809912574,0.0005383019393379945,0.0004267751798184263,5049.205416579908,8.19886772633596e-06,183347576.71919012,0.008853361174272644,0.00012579808832564366,77569799.2821142
47,1861.8124778594183,0.000230026953823476,107.36116373252815,0.0002179737655830739,62033.283750211354,7.1339401127437706e-06,35202.06085142425,8.582556064482821e-05,46110.07488208651,77547.71014520751,8056.753729148615,17622.654824854955,42533.61022319339,76976.6232039901,61022.11650598339,30135.63601748829,47203.32993406173,0.0005218266325671351,0.679466865855413,3.180366599377972e-05,86774.0755502632,211557796.02108094,320144453.17630535,0.0010462527755300355,0.0011495818035208104,208354025.83253255,361435980.5611863,186143667.90326893,346494922.1082153,149943579.635936,0.0017879279112526733,0.00024856542171747823,0.0004267751798184263,5078.802429709553,8.19886772633596e-06,183347576.71919012,0.008853361174272644,0.00012579808832564366,77569799.2821142
48,1861.8124778594183,0.0002618176421033692,107.36116373252815,0.0002179737655830739,62033.283750211354,7.1339401127437706e-06,34559.09954551468,8.582556064482821e-05,46110.07488208651,77547.71014520751,9746.98398883911,17622.654824854955,45986.074361033076,76976.6232039901,61022.11742835069,30135.63601748829,47203.32993406173,0.0005218266325671351,0.679466865855413,3.180366599377972e-05,86635.57062114206,211557796.02108094,320144453.17630535,0.0010462527755300355,0.0011495818035208104,208354025.83253255,361435980.5611863,186143667.90326893,385069190.41891986,149943579.63745353,0.0017879279112526733,0.0005198289266696481,0.0004267751798184263,5075.96327206541,8.19886772633596e-06,183347576.71919012,0.008853361174272644,0.00012579808832564366,77569799.2821142
49,1861.8124778594183,0.00026181552893251447,107.36116373252815,0.0002179737655830739,62033.283750211354,7.1339401127437706e-06,34735.04870230284,8.582556064482821e-05,46110.07488208651,77547.71014520751,9746.98398883911,17622.654824854955,45986.074361033076,76976.6232039901,61022.11650598339,30135.63601748829,47203.32993406173,0.0005218266325671351,0.679466865855413,3.180366599377972e-05,86635.57062114206,211557796.02108094,320144453.17630535,0.0010462527755300355,0.0011495818035208104,208354025.83253255,361435980.5611863,186143667.90326893,385587104.5053026,149943579.635936,0.0017879279112526733,0.0005198289266696481,0.0004267751798184263,5075.96327206541,8.19886772633596e-06,183347576.71919012,0.008853361174272644,0.00012579808832564366,77569799.2821142
50,1861.8124778594183,0.0002618171412651432,107.36116373252815,0.00010772161818985095,62185.79939108721,7.1339401127437706e-06,34735.04870230284,1.705177403587568e-05,46110.06261105002,77547.71014520751,8033.635654084731,17622.654824854955,45866.076546206816,76976.6232039901,60938.6562953144,30135.63601748829,47203.329934084846,0.00027484469724823923,0.322084695715942,3.180366599377972e-05,86635.57062114206,211555640.68818596,320144453.290258,0.001046255593218621,0.0009957349737767496,208354025.83253255,361432620.91022253,186143667.90326893,363113211.6535732,149943579.62422663,0.00178342809912574,0.0005383019393379945,0.0004267751798184263,5049.205416579908,8.19886772633596e-06,183347576.71919012,0.008853361174272644,0.00012579808832564366,77569799.2821142
51,1861.8124778594183,0.0002618171412651432,25.22825503625583,0.00010772161818985095,62185.79939108721,7.1339401127437706e-06,34735.04870230284,1.705177403587568e-05,46110.06261105002,77547.71014520751,8033.635654084731,17622.654824854955,45866.076546206816,89092.38756321477,60941.80234191581,30135.63601748829,47203.329934084846,0.00027484469724823923,0.322084695715942,0.0001336072184068081,86635.57062114206,211555640.68818596,320144453.290258,0.001046255593218621,0.0009957349737767496,214286323.97261655,361432620.91022253,186143667.90326893,363113211.6535732,149943579.62422663,0.00178342809912574,0.0005383019393379945,0.0004104391375272762,5049.205416579908,8.19886772633596e-06,183347576.71919012,0.008853361174272644,0.00012579808832564366,77569799.2821142
52,1861.8124778594183,0.00026181552893251447,107.36116373252815,0.00010571270242884452,61947.38446512384,7.1339401127437706e-06,34735.04870230284,1.705177403587568e-05,46110.06293690532,77547.71014520751,8033.6356540847455,17622.654824854955,45986.074361033076,77378.41333494407,63589.0633960729,30133.40807955575,47203.329934101544,0.0005218266325671351,0.679466865855413,3.180366599377972e-05,86635.60422095304,211555982.63992265,320144453.17630535,0.0010462555952601496,0.0011713949473447292,208354025.83253255,361435980.5611863,186143667.90326893,363113211.6535732,149943579.635936,0.0017879279112526733,0.0005198289266696481,0.00028344305715203785,5075.96327206541,8.19886772633596e-06,183347576.71919012,0.008853361174272644,0.00012579808832564366,77569799.2821142
53,1861.8124778594183,9.589240669078547e-05,107.36116373252815,0.0002179737655830739,62033.283750211354,7.221475736111622e-06,34735.04870230284,8.582556064482821e-05,46110.07389102205,77547.71014520751,9746.98398883911,17622.654824854955,42828.3608502386,76976.6232039901,61022.11650598339,31152.976095121237,47203.329934249996,0.0005218266325671351,0.679466865855413,3.180366599377972e-05,86635.57062114206,211557796.02108094,320144453.17630535,0.0010462527755300355,0.0011495818035208104,208354032.806435,361436002.6947757,181908627.12358665,371844951.46185756,149943579.4655872,0.0017807426371393602,0.0004882587239473166,0.0004267751798184263,5075.96327206541,8.19886772633596e-06,183347576.71919012,0.008853361174272644,0.00012579808832564366,77569799.2821142
54,1861.8124778594183,0.00026181552893251447,107.36116373252815,0.0002179737655830739,62033.283750211354,7.221475736111622e-06,34735.04870230284,8.582556064482821e-05,46110.07389102205,77547.71014520751,9746.98398883911,17622.654824854955,45986.074361033076,76976.6232039901,61022.11650598339,31152.976095121237,47203.329934249996,0.0005218266325671351,0.679466865855413,3.180366599377972e-05,86635.57062114206,211557796.02108094,320144453.17630535,0.0010462527755300355,0.0011495818035208104,208354025.83253255,361435980.5611863,186143667.90326893,371844951.46185756,149943579.635936,0.0017807426371393602,0.0005198289266696481,0.0004267751798184263,5075.96327206541,8.19886772633596e-06,183347576.71919012,0.008853361174272644,0.00012579808832564366,77569799.2821142
55,1861.8124778594183,0.0002618148950363687,22.128558286461782,0.0002179737655830739,62033.283750211354,7.221475736111622e-06,29118.83635417564,8.993805736052932e-05,46110.07393430929,77547.71014520751,9746.98398883911,17622.654824854955,45987.479271890115,76976.6232039901,61022.11650598339,30143.78074277648,47203.329934249996,0.0005218266325671351,0.679466865855413,3.180366599377972e-05,86635.57062114206,211557796.02108094,320144453.17630535,0.0010462527755300355,0.0011495818035208104,208354025.83253255,361435980.5611863,186143667.90326893,371844951.46185756,149943579.635936,0.0017807426371393602,0.0005204967849082679,0.0004267751798184263,5075.96327206541,8.19886772633596e-06,183347576.71919012,0.008853361174272644,0.00012579808832564366,77569799.2821142
56,1861.8124778594183,0.00026057669736835376,107.36116373252815,3.61683425294857e-06,62185.79939108721,7.1339697412890306e-06,27108.73689233147,1.48694348634828e-05,46110.07488208651,77547.71014520751,8033.6356540847455,17622.654824766727,45879.494103072844,76976.6232039901,61020.11882387497,30135.63601748829,47203.32993473087,0.0005218266325671351,0.679466865855413,5.983410554111019e-06,80443.67180696173,211557810.48786017,320144453.17630535,0.0010462557225976944,0.0011495818035208104,208354025.83253255,361436215.49094117,186143666.99251774,363819259.0353051,149943579.635936,0.0017879279112526733,0.0005330161196759238,0.0004267751798184263,5022.573964106521,8.19886772633596e-06,183347576.71919012,0.008173940169974483,0.00012579808832564366,77569799.2821142
57,1861.8124778594183,0.0002618171412651432,107.36116373252815,0.00021998268147923643,62185.79939108721,7.1339401127437706e-06,34735.04870230284,1.705177403587568e-05,46110.07455623122,77547.71014520751,8033.635654084731,17622.654824854955,45866.076546206816,88714.20140462027,61322.57073243808,30135.63601748829,47203.329934714166,0.00027484469724823923,0.322084695715942,3.180366599377972e-05,86636.08113186256,211555640.68818596,320144453.290258,0.0010462557205561658,0.0009739218299528308,208354025.83253255,361432620.91022253,186143667.90326893,363113211.6535732,149943579.62422663,0.00178342809912574,0.0005383019393379945,0.0004267751798184263,5049.205416579908,2.0768617014337684e-06,183347576.71919012,0.008853361174272644,0.00012579808832564366,77569799.2821142
58,1861.8124778594183,0.0002606625389776608,46.918141453845216,0.0002179739370390742,62185.79939108721,7.133621175498686e-06,23480.48700389743,1.705177403587568e-05,46110.07477627656,77547.71014520751,8033.6356540847455,17622.6548248548,45986.074361033076,76976.6232039901,61022.11650598339,30135.63601748829,47203.32993473087,0.0005218266325671351,0.2920709957134484,5.983410554111019e-06,79725.48987840697,211557810.48786017,320144716.6943096,0.0010462557225976944,0.0011495818035208104,208353998.4800354,361432214.534584,186143666.99251774,363112552.45226276,149943579.635936,0.0017879279112526733,0.0005198289266696481,0.0004267751798184263,5075.96327206541,8.19886772633596e-06,183347576.71919012,0.008689099314366105,5.134659570022024e-05,77569799.2821142
59,1861.8124778594183,0.0002606625389776608,101.41763708014665,0.0002179739370390742,62185.79939108721,7.1339401127437706e-06,34735.04870230284,1.705177403587568e-05,46110.07477627656,77547.71014520751,8033.6356540847455,17622.6548248548,45986.074361033076,76976.6232039901,61022.11650598339,30135.63601748829,47203.32993473087,0.0005218266325671351,0.2920709957134484,5.983410554111019e-06,86635.57062114206,211557810.48786017,320144453.17630535,0.0010462557225976944,0.0011495818035208104,208354025.83253255,361435945.3556414,186143666.99251774,363112552.45226276,149943579.635936,0.0017879279112526733,0.0005198289266696481,0.0004267751798184263,5075.96327206541,8.19886772633596e-06,183347576.71919012,0.008689099314366105,5.134659570022024e-05,77569799.2821142
60,1861.8124778594183,0.0002606105170518332,101.41763708014665,0.0002179739370390742,62185.79939108721,7.13204728103664e-06,34735.04870230284,1.705177403587568e-05,46110.07477627656,77547.71014520751,8033.6356540847455,17622.6548248548,45986.074361033076,76428.6601340756,61022.11650598339,30135.63601748829,47203.32993473087,0.00030188418830986454,0.2920709957134484,5.983410554111019e-06,86635.57062114206,211557810.48786017,320144453.17630535,0.0010462557225976944,0.0011495818035208104,208421656.02605176,361435945.3556414,186143666.99251774,363112552.45226276,149943579.635936,0.0017879279112526733,0.0005198289266696481,0.0004267751798184263,5075.96327206541,8.19886772633596e-06,183347576.71919012,0.008689099314366105,5.134659570022024e-05,77569799.2821142
61,1861.8124778594183,0.00026181552893251447,107.36116373252815,0.0002179737655830739,61947.38446512384,7.1339401127437706e-06,34735.04870230284,1.705177403587568e-05,46110.07488208651,77547.71014520751,8033.6356540847455,17622.654824854955,45986.074361033076,89115.99153557424,63972.97783319658,30133.40807955575,47203.32993473087,0.0005218266325671351,0.679466865855413,3.180366599377972e-05,86636.11473167354,211555982.63992265,320144453.17630535,0.0010462557225976944,0.0011495818035208104,208354025.83253255,361435980.5611863,186143667.90326893,363113211.6535732,149943579.635936,0.0017879279112526733,0.0005198289266696481,0.00028344305715203785,5075.96327206541,8.19886772633596e-06,183347576.71919012,0.008853361174272644,0.00012579808832564366,77569799.2821142
62,1861.8124778594183,0.00026181552893251447,24.804767965263437,0.00021797392397381184,62185.79939108721,7.1339401127437706e-06,34735.04870230284,1.705177403587568e-05,46110.07483452791,77547.71014520751,8033.6356540847455,17622.654824854955,45411.03889413424,76976.6232039901,61022.11650598339,30135.63601748829,47203.32993473087,0.0005218266325671351,0.679466865855413,5.983410554111019e-06,86635.57062114206,211557810.48786017,320144453.17630535,0.0010462557225976944,0.0011495818035208104,208354025.83253255,361435945.3556414,186143666.99251774,363112552.45226276,149943579.40182868,0.0017879279112526733,0.0005198289266696481,0.0004267751798184263,5075.96327206541,8.19886772633596e-06,183347576.71919012,0.008688329735455252,0.00012579808832564366,77569799.2821142
63,1861.8124778594183,0.00026181552893251447,107.36116373252815,0.0002179738048323159,62185.79939108721,7.1339401127437706e-06,34735.04870230284,1.705177403587568e-05,46110.07488208651,77547.71014520751,8033.6356540847455,17622.654824854955,45986.074361033076,76976.6232039901,61022.11650598339,30135.63601748829,47203.32993473087,0.0005218266325671351,0.679466865855413,5.983410554111019e-06,86635.57062114206,211557810.48786017,320144453.17630535,0.0010462557225976944,0.0011495818035208104,208354025.83253255,361435945.3556414,186143666.99251774,363112552.45226276,149943579.635936,0.0017879279112526733,0.0005198289266696481,0.0004267751798184263,5075.96327206541,8.19886772633596e-06,183347576.71919012,0.008688329735455252,0.00012579808832564366,77569799.2821142
64,1861.8124778594183,0.00026181552893251447,107.36116373252815,0.0002179737655830739,62185.79939108721,7.1339401127437706e-06,34735.04870230284,1.705177403587568e-05,46110.07488208651,77547.71014520751,8033.6356540847455,17622.654824854955,45986.074361033076,76976.6232039901,61022.11650598339,30135.63601748829,47203.32993473087,0.0005218266325671351,0.679466865855413,3.180366599377972e-05,86635.57062114206,211557810.48786017,320144453.17630535,0.0010462557225976944,0.0011495818035208104,208354025.83253255,361435980.5611863,186143667.90326893,363113211.6535732,149943579.635936,0.0017879279112526733,0.0005198289266696481,0.0004267751798184263,5075.96327206541,8.19886772633596e-06,183347576.71919012,0.008853361174272644,0.00012579808832564366,77569799.2821142
65,1861.8124778594183,0.00026181552893251447,107.36116373252815,0.00021723758105030312,62185.79939108721,7.133940085452605e-06,34732.46286283959,1.705177403587568e-05,46110.07488208651,77547.71014520751,8033.6356540847455,17622.654824854955,45986.074361033076,76976.6232039901,61022.11650598339,30135.63601748829,47203.32993473087,0.0005216709855629561,0.7515555512047518,5.983410554111019e-06,84341.64014365488,211557810.48786017,320144453.17630535,0.0010462557225976944,0.0011082003246463525,208354025.83253255,361432565.1737065,186143666.99251774,363271007.6343305,149943579.635936,0.0017879256703047356,0.0004989285955619854,0.0004267751798184263,5072.887463363907,8.19886772633596e-06,183347576.71919012,0.008688329735455252,0.00012579808832564366,77569799.2821142
66,1861.8124778594183,0.00026181552893251447,107.36116373252815,0.0002179737655830739,62185.79939108721,7.1339401127437706e-06,34735.04870230284,1.705177403587568e-05,46110.07488208651,77547.71014520751,8033.6356540847455,17622.654824854955,45986.074361033076,76976.6232039901,61022.11650598339,30135.63601748829,47203.32993473087,0.0005218266325671351,0.679466865855413,3.180366599377972e-05,86635.57062114206,211557810.48786017,320144453.17630535,0.0010462557225976944,0.0011495818035208104,213916353.38194504,361435980.5611863,186143667.90326893,363113211.6535732,149943579.635936,0.0017879279112526733,0.0005198289266696481,0.0007341709097751721,5075.96327206541,8.19886772633596e-06,183347576.71919012,0.008853361174272644,0.00012579808832564366,77569799.2821142
67,1861.8124778594183,0.00026181552893251447,107.36116373252815,0.0002179737655830739,61947.38446512384,7.1339401127437706e-06,34735.04870230284,1.705177403587568e-05,46110.900190519285,77547.71014520751,8033.6356540847455,17622.654824854955,45986.074361033076,89115.99153557424,63972.97783319658,30133.40807955575,47203.32993473803,0.0005218266325671351,0.679466865855413,3.138963520589284e-05,86636.11473167354,211555982.63992265,320144453.17630535,0.0010462557225976944,0.0011495818035208104,208354025.83253255,361435980.5611863,186143667.90326893,363113211.6535732,149943579.635936,0.0017879279112526733,0.0005198289266696481,0.00028344305715203785,5075.96327206541,3.2617660933503214e-06,183347576.71919012,0.008853361174272644,0.00012579808832564366,77569799.2821142
68,1861.8124778594183,0.0002606625389776608,101.41763708014665,0.0002179739370390742,67408.37545879895,7.1339401127437706e-06,34735.04870230284,1.705177403587568e-05,46110.07477627656,77547.7101452128,8033.6356540847455,17622.6548248548,45986.074361033076,76976.6232039901,61022.11650598339,30135.63601748829,47203.329935036876,0.0005218266325671351,0.6574306102230816,5.983410554111019e-06,86635.57062114206,273247991.2085288,320144453.17630535,0.0010462557225976944,0.0011495818035208104,208354025.83253255,361435945.3556414,186143666.99251774,363111487.4268847,149908467.98337692,0.0017879279112526733,0.0005198289266696481,0.0004355516662709491,5075.96327206541,8.19886772633596e-06,183347576.71919012,0.00868988409470871,5.134659570022024e-05,77569799.2821142
69,1861.8124778594183,0.00023166174231445882,8.21331345070855,0.00011916640739027693,64055.62216921144,7.133362496147696e-06,29280.693863581204,1.4780914584810548e-05,46110.05066716165,77547.71013729506,8033.635654082954,17622.65481322422,42874.75691312206,89135.90804333276,61023.54367249821,30173.80536430106,47203.32995906751,0.0005212855678640989,0.45490740406725644,0.00014974225307392606,84392.0870472818,211558077.68451032,320146557.18716794,0.0010213925571003963,0.0008000713517092664,208353648.08407974,361426309.85692054,186143573.17632556,347011845.347614,149943579.39678228,0.0017784205387619974,0.00023157358725665205,0.0007522469038678289,5384.432154420594,8.19886772633596e-06,183347576.71919012,0.008697566140658919,0.00012579808832564366,77569799.2821142
70,1861.8124778594183,0.00023166174231445882,8.21331345070855,0.00011916640739027693,64055.62216921144,7.2226545584945275e-06,29280.693863581204,1.4780914584810548e-05,46110.844016048,77547.71013729506,8033.635654082954,17622.65481322422,42874.75691312206,89134.95510041047,61023.94002948729,30173.34018180908,47203.32995906751,0.0005212855678640989,0.45490740406725644,0.00014974225307392606,84392.0870472818,211558077.68451032,320146543.09451216,0.0010213925571003963,0.00303667717728598,208353648.08407974,361426309.85692054,186143573.17632556,347011845.347614,149943579.66158983,0.0017784205387619974,0.00023157358725665205,0.0007522469038678289,17729.522846965905,8.19886772633596e-06,183347576.71919012,0.008697566140658919,0.00012579808832564366,77569799.2821142
71,1861.8124778594183,0.00023388705965457984,8.244984177533304,0.00011261728861855345,67385.02277940675,7.222565086345242e-06,29280.693863581204,1.4774672456752638e-05,46110.04408008096,77547.71013729506,8033.635654082954,17622.65481322422,42863.95055608593,89134.95510041047,61024.05437584958,30171.23427469087,47203.32995906751,0.0005213015617771592,0.3097103962969868,0.00014984885446335481,79718.59605330158,211558077.68451032,320146543.09451216,0.0010213925571003963,0.00303667717728598,208353648.08407974,361426309.85692054,186143573.17632556,363576557.84608114,149932156.71687636,0.0017795723940403198,0.00023435459965579278,0.0007522469038678289,17729.522846965905,8.19886772633596e-06,183347576.71919012,3.7304463989503225e-05,0.00012579808832564366,77569799.2821142
72,1861.8124778594183,0.00023166174231445882,8.21331345070855,0.00011261728861855345,67385.02277940675,7.2226545584945275e-06,29280.693863581204,1.4780914584810548e-05,46110.844016048,77547.71013729506,8033.635654082954,17622.65481322422,42828.91679387918,89134.95510041047,61023.94002948729,29400.215079316793,47203.32995906751,0.0005213015617771592,0.6798808010337494,0.00014974225307392606,86603.71660964869,211558077.68451032,320146451.1352892,0.0010213925571003963,0.0008768926969200826,208353648.08407974,361426309.85692054,186143573.17632556,363576557.84608114,149932156.71687636,0.0017795723940403198,0.00023435459965579278,0.0007522469038678289,17729.522846965905,8.19886772633596e-06,183347576.71919012,0.008701976897606503,0.00012579808832564366,77569799.2821142
73,1861.8124778594183,0.00023166174231445882,8.21331345070855,0.00011261728861855345,67385.02277940675,7.2226545584945275e-06,29280.693863581204,1.4780914584810548e-05,46110.844016048,77547.71013729506,8033.635654082954,17622.65481322422,42863.95055608593,89134.95510041047,61023.94002948729,30173.34018180908,47203.32995906751,0.0005213015617771592,0.6798808010337494,0.00014974225307392606,86603.71660964869,211558077.68451032,320146543.09451216,0.0010213925571003963,0.00303667717728598,208353648.08407974,361426309.85692054,186143573.17632556,363576557.84608114,149932156.71687636,0.0017795723940403198,0.00023435459965579278,0.0007522469038678289,17729.522846965905,8.19886772633596e-06,183347576.71919012,0.008701976897606503,0.00012579808832564366,77569799.2821142
74,1861.8124778594183,0.00023166174231445882,8.21331345070855,0.00011916640739027693,64055.62216921144,7.21744458027526e-06,29073.017816625576,1.4780914584810548e-05,46110.05994214471,77547.71013729506,8033.635654082954,17622.65481322422,42874.75691312206,89134.95510041047,61023.94002948729,30173.34018180908,47203.3299593846,0.0005212855678640989,0.45490740406725644,3.471662495452685e-05,84392.0870472818,211558077.68451032,320146623.58581996,0.0010213925571003963,0.001048113919284234,208353648.08407974,361426309.85692054,186143573.17632556,347011845.347614,149943579.66158983,0.0017784205387619974,0.00023157358725665205,0.0007495890383400283,17729.522846965905,8.19886772633596e-06,183347576.71919012,0.008697566140658919,0.00012579808832564366,77569799.2821142
75,1861.8124778594183,0.0002616747585205578,8.259164595685675,9.719100660364238e-05,61944.82468565715,7.1339646690991065e-06,29068.583818770196,1.4596083691827808e-05,46110.073215718636,77547.71014520751,8033.635654083189,17622.654823405006,41647.51701407011,89089.48779797996,81547.96881369724,30135.63601748829,47203.32994151679,0.0002575380758770337,0.3060991488551932,2.7228302281456384e-05,80078.78257446435,211525462.17749116,320144453.17630535,0.0010462559380614736,0.0010975978748633418,208353655.05561382,361432663.63813365,186143668.03439653,347889769.3160205,149943579.46505255,0.001783684896426145,0.0004882055910914353,0.0018874589925106688,5075.96327206541,8.19886772633596e-06,183347576.71919012,0.0010793342138108969,2.4517805767758447e-06,77569799.2821142
76,1861.8124778594183,0.0002616747585205578,7.024822224135484,0.0002179737655830739,67462.99402283606,7.219622633979405e-06,29073.707309121284,1.7050367075874808e-05,46110.09572362563,77547.71014519964,8033.635654083189,17622.654823562258,45419.05331470916,89089.48779797996,81547.96881369724,30135.63601748829,47203.329941501295,0.0005131739295251349,0.6853620033040664,3.180366599377972e-05,93461.063625251,232165362.66369963,320144453.17630535,0.0010462559380614736,0.0009917513666001436,208353655.05561382,361435980.5611863,186143667.90326893,363113211.6535732,149943579.45658118,0.0017885753988841143,0.0004929523740317024,0.0018958075248522207,5075.96327206541,8.19886772633596e-06,183347576.71919012,0.00015486897887232766,0.00012579808832564366,77569799.2821142
77,1861.8124778594183,0.0002616747585205578,7.024822224135484,0.0002179737655830739,67462.99402283606,7.1339401127437706e-06,29068.583818770196,1.7050367075874808e-05,46110.07337914699,77547.71014520751,8033.635654083189,17622.654823562258,45419.05331470916,89089.48779797996,81547.96881369724,30135.63601748829,47203.329941501295,0.0002575380758770337,0.6853620033040664,3.180366599377972e-05,80798.2800249531,232165362.66369963,320144453.17630535,0.0010462559380614736,0.0009917513666001436,208353655.05561382,361435980.5611863,186143667.90326893,363113211.6535732,149943579.37558258,0.0017885753988841143,0.0004929523740317024,0.0018958075248522207,5075.96327206541,8.19886772633596e-06,183347576.71919012,0.00015486897887232766,0.00012579808832564366,77569799.2821142
78,1861.8124778594183,0.00026181629207805803,8.363570219249567,0.000118486708082632,63771.31181910081,7.13394008880427e-06,29043.776571800292,1.5817293334880042e-05,46110.07590782347,77547.71014520751,8033.6356540832185,17622.65482340938,41278.365466649004,89089.48752849665,61022.0075688871,29443.5754825262,47203.32994181238,0.00026350169719997605,0.0538541526596005,0.00014901683197897575,80049.69560512438,211555584.29710716,320143636.95726794,0.0010462557225976944,0.0011082472821355581,208354020.8310587,361432513.44669956,186143667.92953876,359625566.7840686,149943579.46659157,0.0017873275604879703,0.00026038362479652793,0.001886195123954526,4301.131139673852,8.19886772633596e-06,183347576.71919012,0.00920738744906747,0.00012579808832564366,77569799.2821142
79,1861.8124778594183,0.00026181552893251447,8.363570219249567,0.000118486708082632,63771.31181910081,7.13394008880427e-06,34732.51687129342,1.5817293334880042e-05,46110.07604118926,77547.71014520751,8033.6356540847455,17622.65482340938,41278.365466649004,89089.64779275918,61026.0312352471,29443.5754825262,47203.32994181238,0.00026350169719997605,0.0538541526596005,0.00014901683197897575,80049.69560512438,211555584.29710716,320143636.95726794,0.0010462557225976944,0.0011082472821355581,208354025.83572784,361432513.44669956,186143667.92953876,359625566.7840686,149943579.57288948,0.0017873275604879703,0.00026038362479652793,0.0018861925228945305,4301.131139673852,8.19886772633596e-06,183347576.71919012,0.00920738744906747,0.00012579808832564366,77569799.2821142
80,1861.8124778594183,0.00026181552893251447,8.363570219249567,0.000118486708082632,63771.31181910081,7.133655978052458e-06,34732.51687129342,1.5817293334880042e-05,46110.07604118926,77547.71014520751,8033.6356540847455,17622.654823409754,41278.365466649004,89089.64779275918,61026.0312352471,29443.5754825262,47203.32994181238,0.0002636090147337344,0.30967311481231896,0.00014901683197897575,80049.69560512438,211555584.29710716,320143628.3998912,0.0010462557225976944,0.0011082472821355581,208423305.12720072,361432513.44669956,186143667.92953876,359625566.7840686,149943579.57288948,0.0017873275604879703,0.00026038362479652793,0.0018861925228945305,4301.131139673852,8.19886772633596e-06,183347576.71919012,0.00920738744906747,0.00012579808832564366,77569799.2821142
81,1861.8124778594183,0.00026181629207805803,8.363570219249567,0.000118486708082632,63771.31181910081,7.133379463578999e-06,29043.776571800292,1.5817293334880042e-05,46110.07590782347,77547.71014520751,8033.6356540832185,17622.65482340938,41225.78788287432,89089.48752849665,61022.0075688871,30107.510106097074,47203.32994181425,0.00026350169719997605,0.0538541526596005,0.00014901683197897575,43157.674887128036,215510171.66995746,320143636.95726794,0.0010462557225976944,0.0011082472821355581,208354020.8310587,361432513.44669956,186143667.92953876,359625566.7840686,149943579.46659157,0.0017873275604879703,0.00036434122023468955,0.001886195123954526,4301.131139673852,8.19886772633596e-06,183347576.71919012,0.00920738744906747,0.00012579808832564366,77569799.2821142
82,1861.8124778594183,8.733310479360616e-05,7.518714072945758,0.00021793562413717236,63781.07448265206,7.221502868114891e-06,29278.23683139192,1.478073191408176e-05,46110.82854185287,77547.71014510294,8033.635654083182,17622.654823428158,42518.06636586574,89091.09822157332,61010.3153817119,30130.0005117739,47203.32994190384,0.00026354231544236745,0.6747022466933678,0.0001365047264436239,86918.52749190472,211543335.16044545,320009279.2833692,0.0010462363750210469,0.0009937188629197348,208131356.2373936,361432558.2809011,186143663.30000663,347011845.347614,149943577.56012684,0.001783442144811154,0.000365122220831546,0.000748625373398327,4245.707863097266,8.19886772633596e-06,183347576.71919012,0.0023719223164022215,0.00012579808832564366,77569799.2821142
83,1861.8124778594183,8.289966561419662e-05,23.87019835092947,0.00021793562413717236,64017.559433990245,7.221413395965606e-06,29278.23683139192,1.4794028625611997e-05,46110.046086987575,77547.71014510294,8033.635654083182,17622.654823428158,42461.09230317828,89091.0489955028,59526.201871735364,30135.632196111543,47203.329941904085,0.00026536536862449084,0.3045318408183706,0.00013661132783305267,80033.4069355576,214454693.96610698,320009279.2833692,0.0010462557785651738,0.0009974252225157367,208358768.79851356,361436034.75874704,186143663.30000663,347011845.347614,149943577.56012684,0.001787692128412362,0.0004809044282069118,0.001884944150086454,4245.707863097266,8.19886772633596e-06,183347576.71919012,0.0003157582999850951,0.00012579808832564366,77569799.2821142
84,1861.8124778594183,8.95584109191501e-05,7.499985219694584,0.00021793562413717236,63781.45386578365,7.2165560279034685e-06,29278.23683139192,1.477448978602385e-05,46110.046086987575,77547.71014510294,8033.635654083182,17622.654823428158,42462.07778923198,89091.0489955028,61010.42972807418,30135.019299855885,47203.329941904085,0.00026536536862449084,0.3045318408183706,0.00013661132783305267,80033.4069355576,215547423.73360208,320009279.2833692,0.0010462363750210469,0.0009937188629197348,208131356.2373936,361432294.14993566,186143675.94544753,347011845.347614,149943577.56012684,0.001783442144811154,0.000365122220831546,0.000748625373398327,4245.707863097266,8.19886772633596e-06,183347576.71919012,0.0003157582999850951,0.00012579808832564366,77569799.2821142
85,1861.8124778594183,8.95584109191501e-05,7.5503847997705105,0.00021793562413717236,63781.45386578365,7.219802136111828e-06,29278.23683139192,1.477448978602385e-05,46110.046086987575,77547.71014510294,8033.635654083182,17622.654823428158,41273.671354998565,89091.04967340402,61010.42972807418,30144.409508135366,47203.329941904085,0.00026536536862449084,0.3045318408183706,0.00013661132783305267,80033.4069355576,215547423.73360208,320009279.2833692,0.0010462363750210469,0.0009937188629197348,208131356.2373936,361432558.2809011,186143663.30000663,347011845.347614,149943577.56012684,0.001783442144811154,0.000365122220831546,0.000748625373398327,4245.707863097266,8.19886772633596e-06,183347576.71919012,0.0003157582999850951,0.00012579808832564366,77569799.2821142
86,1861.8124778594183,8.95584109191501e-05,7.5503847997705105,0.00021793562413717236,63781.45386578365,7.221413395965606e-06,29278.23683139192,1.477448978602385e-05,46110.046086987575,77547.71014510294,8033.635654083182,17622.654823428158,42461.09230317828,89091.0489955028,61010.42972807418,30135.019299855885,47203.329941904085,0.00026536536862449084,0.3045318408183706,0.00013661132783305267,80033.4069355576,215547423.73360208,320009279.2833692,0.0010462363750210469,0.0009937188629197348,208131356.2373936,361432558.2809011,186143663.30000663,347011845.347614,149943577.56012684,0.001783442144811154,0.000365122220831546,0.000748625373398327,4245.707863097266,8.19886772633596e-06,183347576.71919012,0.0003157582999850951,0.00012579808832564366,77569799.2821142
87,1861.8124778594183,8.95584109191501e-05,7.5503847997705105,0.00021793562413717236,63781.45386578365,7.221413395965606e-06,29278.23683139192,1.477448978602385e-05,46110.046086987575,77547.71014510294,8033.635654083182,17622.654823428158,42461.09230317828,89091.0489955028,61010.42972807418,30135.019299855885,47203.329941904085,0.00026536536862449084,0.3045318408183706,0.00013661132783305267,80033.4069355576,215547423.73360208,320009279.2833692,0.0010462363750210469,0.0009937188629197348,208131356.2373936,361432558.2809011,186143663.30000663,347011845.347614,149943577.56012684,0.001783442144811154,0.000365122220831546,0.000748625373398327,4245.707863097266,8.19886772633596e-06,183347576.71919012,0.0003157582999850951,0.00012579808832564366,77569799.2821142
88,1861.8124778594183,8.733310479360616e-05,7.518714072945758,0.00021793562413717236,63781.45386578365,7.221502868114891e-06,29278.23683139192,1.478073191408176e-05,46110.84602295462,77547.71014510294,8033.635654083182,17622.654823428158,42461.09230317828,89091.0489955028,61010.3153817119,30137.125206974095,47203.329941904085,0.00026536536862449084,0.6747022466933678,0.0001365047264436239,86918.52749190472,215547423.73360208,320009279.2833692,0.0010462363750210469,0.0009937188629197348,208131356.2373936,361432558.2809011,186143663.30000663,347011845.347614,149943577.56012684,0.001783442144811154,0.000365122220831546,0.000748625373398327,4245.707863097266,8.19886772633596e-06,183347576.71919012,0.0023719223164022215,0.00012579808832564366,77569799.2821142
89,1861.8124778594183,0.0002329065372936884,23.324816825287183,0.00021793562413717236,67470.5502327347,7.221413395965606e-06,29278.23683139192,1.477448978602385e-05,46110.046086987575,77547.71014510294,8033.635654083182,17622.654823428158,42486.57557218036,89091.0489955028,61021.452309923414,30135.632341960005,47203.329941904085,0.0005238984834772813,0.3009008045415661,0.00013661132783305267,79845.1852184245,215611466.122469,320009279.2833692,0.0010462352543636128,0.0011486328502074608,208121108.90306893,361432558.2809011,186143668.45209837,347312435.0740575,149943577.56012684,0.001783442144811154,0.000365122220831546,0.0018621048503114142,4330.6927602957185,8.19886772633596e-06,183347576.71919012,0.0003157582999850951,0.00012579808832564366,77569799.2821142
90,1861.8124778594183,8.95584109191501e-05,98.73582214890826,0.0002179352599188117,63781.45386578365,7.221413395965606e-06,29278.23683139192,1.0622147338235126e-05,46110.045391715685,77547.7101452085,8033.635654083182,17622.654823366465,42464.75414289246,89091.0489955028,61010.42972807418,30135.019299855885,47203.329941904085,0.00026536536862449084,0.3045318408183706,0.00013661132783305267,80033.4069355576,215547423.73360208,320141747.568939,0.0010462363750210469,0.0009937188629197348,208131356.2373936,361432558.2809011,186143663.30000663,347011845.347614,149943577.56012684,0.001783442144811154,0.000365122220831546,0.000748625373398327,4245.707863097266,8.19886772633596e-06,183347576.71919012,0.0003157582999850951,0.00012579808832564366,77569799.2821142
91,1861.8124778594183,0.0002616747585205578,24.609993823370125,0.0002179737655830739,67462.99402283606,7.139150090963037e-06,29276.259865725824,1.7050367075874808e-05,46110.85728962193,77547.71014521274,8033.635654083189,17622.654824854955,45439.622622134724,89089.48779797996,61022.033260551565,30135.63601748829,47203.3299411842,0.0005218266325671351,0.6853620033040664,0.00014683105731367243,86635.57062114206,232486600.5348834,320144350.4248425,0.0010462382191365439,0.002989628161942618,208353655.05561382,361435980.5611863,186143667.90326893,363653585.74220234,159445627.22843325,0.0017879279112526733,0.00036419776677723336,0.0007142551122686606,5059.842376698047,8.19886772633596e-06,183347576.71919012,0.008851946674439545,0.00012579808832564366,77569799.2821142
92,1861.8124778594183,0.00026228000709833233,24.609993823370125,0.0002179737655830739,62240.41795512432,7.132333363942136e-06,29068.583818770196,1.7050367075874808e-05,46110.073215718636,77547.71014520743,8033.635654083189,17622.654824854955,45439.622622134724,89089.48779797996,61021.79946246317,30135.63601748829,47203.32994119529,0.0005218266325671351,0.3545532646724836,3.180366599377972e-05,86635.57062114206,209846230.3729612,320144430.9161503,0.001046313609948348,0.0011469653088897209,208353655.05561382,361435980.5611863,186143667.98667017,363654650.76758045,159480738.88099235,0.002234329666462966,0.0004838213508236908,0.0007028207602893223,5058.270408232035,8.19886772633596e-06,183347576.71919012,0.008851955818729766,0.00012579808832564366,77569799.2821142
93,1861.8124778594183,0.00016973663797946806,24.609993823370125,0.0002179737655830739,62240.41795512432,7.132333363942136e-06,29068.583818770196,1.7050367075874808e-05,46110.073215718636,77547.71014520744,8033.635654083189,17622.654824854955,45439.622622134724,89089.48779797996,61021.79946246317,30135.63601748829,47203.32994119529,0.0005218266325671351,0.3200023912834841,3.180366599377972e-05,86635.57062114206,209846230.3729612,320144430.9161503,0.0010462382191365439,0.0010010643756550002,208353655.05561382,361435980.5611863,186143667.98667017,363654650.76758045,159480738.88099235,0.0017878666846391042,0.00036419776677723336,0.0007028207602893223,5059.842376698047,8.19886772633596e-06,183347576.71919012,0.00885116189409694,0.00012579808832564366,77569799.2821142
94,1861.8124778594183,0.0001673962322836337,7.012141367892099,0.00021797370818505614,67462.99402283606,7.1339401127437706e-06,29068.583818770196,1.7050367075874808e-05,46110.073215718636,77547.71014520751,8033.635654083189,17622.654824844885,45419.05331470916,89089.48779797996,61022.11020755085,30135.63601748829,47203.329941501295,0.0005217118941846251,0.3253982827448926,3.170241575857287e-05,86402.46599652866,232165362.66369963,320144453.17630535,0.001046255936248636,0.0011498028646967503,208353655.05561382,361435980.5611863,186143667.90326893,363113211.6535732,149943579.46505255,0.0017879279112526733,0.0004882055910914353,0.0018901690872636205,5075.96327206541,1.0400703585067839e-06,183347576.71919012,0.00884802167593217,0.00012579808832564366,77569799.2821142
95,1861.8124778594183,0.0002616767681671282,25.187908937998884,0.000217973682495201,67462.99402283606,7.1339401127437706e-06,29282.859432164252,1.7050367075874808e-05,46110.085996078575,77547.71014520751,8033.635654084736,17622.654824854955,45419.05331470916,89089.48206801657,61022.05212257938,30827.940856213354,47203.32994149506,0.0005584362205463889,0.11638973471430392,0.00014474496271182376,86683.09136345338,210199518.1899576,320143644.78813636,0.0010462559380614736,0.0011498028646967503,208353655.05561382,361432545.79155576,186143667.90326893,363089395.36210907,149943579.47380057,0.0017873242658598908,0.0005445953286260467,0.0018860334175480641,5075.96327206541,1.928748652444199e-06,183347576.71919012,0.0016812508916748741,0.00012579808832564366,77569799.2821142
96,1861.8124778594183,0.0002616767681671282,24.609993823370125,0.000217973682495201,67462.99402283606,7.1339401127437706e-06,29282.859432164252,1.7050367075874808e-05,46110.085996078575,77547.71014520751,8033.635654084736,17622.654824854955,45419.05331470916,89089.48206801657,61022.05212257938,30880.257299652716,47203.32994149506,0.0005528032668217045,0.11638973471430392,0.00014474496271182376,86635.57062114206,232165362.66369963,320144453.17630535,0.0010462559380614736,0.0011498028646967503,208353655.05561382,361435980.5611863,186143667.90326893,363113211.6535732,149943579.47380057,0.0017879279112526733,0.0005201571180977471,0.0018860334175480641,5075.96327206541,8.19886772633596e-06,183347576.71919012,0.0016812508916748741,0.00012579808832564366,77569799.2821142
97,1861.8124778594183,0.0002616746549962734,24.609993823370125,0.000217973682495201,67462.99402283606,7.1339401127437706e-06,29458.80858895242,1.7050367075874808e-05,46110.085996078575,77547.71014520751,8033.635654084736,17622.654824854955,45419.05331470916,89089.48206801657,61022.051200212074,30880.257299652716,47203.32994149506,0.0005528032668217045,0.11638973471430392,0.00014474496271182376,86635.57062114206,232165362.66369963,320144453.17630535,0.0010462559380614736,0.0011498028646967503,208353655.05561382,361435980.5611863,186143667.90326893,363631125.7399559,149943579.47228304,0.0017879279112526733,0.0005201571180977471,0.0018860334175480641,5075.96327206541,8.19886772633596e-06,183347576.71919012,0.0016812508916748741,0.00012579808832564366,77569799.2821142
98,1861.8124778594183,0.0002616747585205578,24.609993823370125,0.00021797254585041042,67462.99402283606,7.1339401127437706e-06,29068.583818770196,1.705126461689113e-05,46110.073215718636,77547.71014520558,8033.635654083189,17622.654824854955,42350.498190004786,89089.48779797996,61022.11650598339,30135.053157994087,47203.329941501295,0.00026249811690556304,0.3046984447722642,3.180366599377972e-05,86391.28070198129,234972222.96978605,320144453.17630535,0.0010462559380614736,0.0011498028646967503,208353655.05561382,361435980.5611863,186143663.16461793,363113211.6535732,149943579.46505255,0.0017879279112526733,0.0004882055910914353,0.0018860334175480641,4244.401884962782,8.19886772633596e-06,183347576.71919012,0.008851946674439545,0.00012579808832564366,77569799.2821142
99,1861.8124778594183,0.00023445609221634667,20.071675652381053,0.0002178876402682897,67462.99402283606,7.133940089077912e-06,34781.671883752824,1.5802704770938758e-05,46110.89399268156,77547.71014520751,8033.6356540847555,17622.654824854955,41313.689062643876,89089.63010179234,61022.1618447101,29428.622617023957,47203.329941501215,0.0005218305352722441,0.0538541526596005,0.00015326119763255536,79739.93525032331,211557810.48786017,320143692.440126,0.0010462557225976944,0.0011073350500078777,208352372.28014162,361432542.32536227,186143667.0424253,349091219.2983746,149943579.57288948,0.0017878275267398183,0.00025673038778015157,0.0007645286061904912,4301.809283813693,8.19886772633596e-06,183347576.71919012,0.00920738744906747,0.00012579808832564366,77569799.2821142
